00 04 75 8d 49 c7 00 aa 00 30 91 09 08 00 45 00 
00 1c 07 ec 20 00 80 01 49 66 c0 a8 24 20 c0 a8 
24 1e 08 00 f9 5b 03 00 51 00 00 00 00 00 00 00 
00 00 00 00 00 00 00 00 00 00 00 00 

00 04 75 8d 49 c7 00 aa 00 30 91 09 08 00 45 00 
00 1c 07 ec 20 01 80 01 49 65 c0 a8 24 20 c0 a8 
24 1e 61 62 63 64 65 66 67 68 00 00 00 00 00 00 
00 00 00 00 00 00 00 00 00 00 00 00 

00 04 75 8d 49 c7 00 aa 00 30 91 09 08 00 45 00 
00 1c 07 ec 20 02 80 01 49 64 c0 a8 24 20 c0 a8 
24 1e 69 6a 6b 6c 6d 6e 6f 70 00 00 00 00 00 00 
00 00 00 00 00 00 00 00 00 00 00 00 

00 04 75 8d 49 c7 00 aa 00 30 91 09 08 00 45 00 
00 1c 07 ec 00 04 80 01 69 62 c0 a8 24 20 c0 a8 
24 1e 62 63 64 65 66 67 68 69 00 00 00 00 00 00 
00 00 00 00 00 00 00 00 00 00 00 00 

00 04 75 8d 49 c7 00 aa 00 30 91 09 08 00 45 00 
00 1c 07 ec 20 03 80 01 49 63 c0 a8 24 20 c0 a8 
24 1e 71 72 73 74 75 76 77 61 00 00 00 00 00 00 
00 00 00 00 00 00 00 00 00 00 00 00 

00 aa 00 30 91 0d 00 04 75 8d 49 c7 08 00 45 00 
00 3c af 1d 00 00 40 01 02 15 c0 a8 24 1e c0 a8 
24 20 00 00 01 5c 03 00 51 00 61 62 63 64 65 66 
67 68 69 6a 6b 6c 6d 6e 6f 70 71 72 73 74 75 76 
77 61 62 63 64 65 66 67 68 69 

00 04 75 8d 49 c7 00 aa 00 30 91 09 08 00 45 00 
00 1c 07 ed 20 00 80 01 49 65 c0 a8 24 20 c0 a8 
24 1e 08 00 f8 5b 03 00 52 00 00 00 00 00 00 00 
00 00 00 00 00 00 00 00 00 00 00 00 

00 04 75 8d 49 c7 00 aa 00 30 91 09 08 00 45 00 
00 1c 07 ed 20 01 80 01 49 64 c0 a8 24 20 c0 a8 
24 1e 61 62 63 64 65 66 67 68 00 00 00 00 00 00 
00 00 00 00 00 00 00 00 00 00 00 00 

00 04 75 8d 49 c7 00 aa 00 30 91 09 08 00 45 00 
00 1c 07 ed 20 02 80 01 49 63 c0 a8 24 20 c0 a8 
24 1e 69 6a 6b 6c 6d 6e 6f 70 00 00 00 00 00 00 
00 00 00 00 00 00 00 00 00 00 00 00 

00 04 75 8d 49 c7 00 aa 00 30 91 09 08 00 45 00 
00 1c 07 ed 00 04 80 01 69 61 c0 a8 24 20 c0 a8 
24 1e 62 63 64 65 66 67 68 69 00 00 00 00 00 00 
00 00 00 00 00 00 00 00 00 00 00 00 

00 04 75 8d 49 c7 00 aa 00 30 91 09 08 00 45 00 
00 1c 07 ed 20 03 80 01 49 62 c0 a8 24 20 c0 a8 
24 1e 71 72 73 74 75 76 77 61 00 00 00 00 00 00 
00 00 00 00 00 00 00 00 00 00 00 00 

00 aa 00 30 91 0d 00 04 75 8d 49 c7 08 00 45 00 
00 3c af 1e 00 00 40 01 02 14 c0 a8 24 1e c0 a8 
24 20 00 00 00 5c 03 00 52 00 61 62 63 64 65 66 
67 68 69 6a 6b 6c 6d 6e 6f 70 71 72 73 74 75 76 
77 61 62 63 64 65 66 67 68 69 

00 04 75 8d 49 c7 00 aa 00 30 91 09 08 00 45 00 
00 1c 07 ee 20 00 80 01 49 64 c0 a8 24 20 c0 a8 
24 1e 08 00 f7 5b 03 00 53 00 00 00 00 00 00 00 
00 00 00 00 00 00 00 00 00 00 00 00 

00 04 75 8d 49 c7 00 aa 00 30 91 09 08 00 45 00 
00 1c 07 ee 20 01 80 01 49 63 c0 a8 24 20 c0 a8 
24 1e 61 62 63 64 65 66 67 68 00 00 00 00 00 00 
00 00 00 00 00 00 00 00 00 00 00 00 

00 04 75 8d 49 c7 00 aa 00 30 91 09 08 00 45 00 
00 1c 07 ee 20 02 80 01 49 62 c0 a8 24 20 c0 a8 
24 1e 69 6a 6b 6c 6d 6e 6f 70 00 00 00 00 00 00 
00 00 00 00 00 00 00 00 00 00 00 00 

00 04 75 8d 49 c7 00 aa 00 30 91 09 08 00 45 00 
00 1c 07 ee 00 04 80 01 69 60 c0 a8 24 20 c0 a8 
24 1e 62 63 64 65 66 67 68 69 00 00 00 00 00 00 
00 00 00 00 00 00 00 00 00 00 00 00 

00 04 75 8d 49 c7 00 aa 00 30 91 09 08 00 45 00 
00 1c 07 ee 20 03 80 01 49 61 c0 a8 24 20 c0 a8 
24 1e 71 72 73 74 75 76 77 61 00 00 00 00 00 00 
00 00 00 00 00 00 00 00 00 00 00 00 

00 aa 00 30 91 0d 00 04 75 8d 49 c7 08 00 45 00 
00 3c af 1f 00 00 40 01 02 13 c0 a8 24 1e c0 a8 
24 20 00 00 ff 5b 03 00 53 00 61 62 63 64 65 66 
67 68 69 6a 6b 6c 6d 6e 6f 70 71 72 73 74 75 76 
77 61 62 63 64 65 66 67 68 69 

00 04 75 8d 49 c7 00 aa 00 30 91 09 08 00 45 00 
00 1c 07 ef 20 00 80 01 49 63 c0 a8 24 20 c0 a8 
24 1e 08 00 f6 5b 03 00 54 00 00 00 00 00 00 00 
00 00 00 00 00 00 00 00 00 00 00 00 

00 04 75 8d 49 c7 00 aa 00 30 91 09 08 00 45 00 
00 1c 07 ef 20 01 80 01 49 62 c0 a8 24 20 c0 a8 
24 1e 61 62 63 64 65 66 67 68 00 00 00 00 00 00 
00 00 00 00 00 00 00 00 00 00 00 00 

00 04 75 8d 49 c7 00 aa 00 30 91 09 08 00 45 00 
00 1c 07 ef 20 02 80 01 49 61 c0 a8 24 20 c0 a8 
24 1e 69 6a 6b 6c 6d 6e 6f 70 00 00 00 00 00 00 
00 00 00 00 00 00 00 00 00 00 00 00 

00 04 75 8d 49 c7 00 aa 00 30 91 09 08 00 45 00 
00 1c 07 ef 00 04 80 01 69 5f c0 a8 24 20 c0 a8 
24 1e 62 63 64 65 66 67 68 69 00 00 00 00 00 00 
00 00 00 00 00 00 00 00 00 00 00 00 

00 04 75 8d 49 c7 00 aa 00 30 91 09 08 00 45 00 
00 1c 07 ef 20 03 80 01 49 60 c0 a8 24 20 c0 a8 
24 1e 71 72 73 74 75 76 77 61 00 00 00 00 00 00 
00 00 00 00 00 00 00 00 00 00 00 00 

00 aa 00 30 91 0d 00 04 75 8d 49 c7 08 00 45 00 
00 3c af 20 00 00 40 01 02 12 c0 a8 24 1e c0 a8 
24 20 00 00 fe 5b 03 00 54 00 61 62 63 64 65 66 
67 68 69 6a 6b 6c 6d 6e 6f 70 71 72 73 74 75 76 
77 61 62 63 64 65 66 67 68 69 

00 04 75 8d 49 c7 00 aa 00 30 91 09 08 00 45 00 
00 1c 07 f0 20 00 80 01 49 62 c0 a8 24 20 c0 a8 
24 1e 08 00 f5 5b 03 00 55 00 00 00 00 00 00 00 
00 00 00 00 00 00 00 00 00 00 00 00 

00 04 75 8d 49 c7 00 aa 00 30 91 09 08 00 45 00 
00 1c 07 f0 20 01 80 01 49 61 c0 a8 24 20 c0 a8 
24 1e 61 62 63 64 65 66 67 68 00 00 00 00 00 00 
00 00 00 00 00 00 00 00 00 00 00 00 

00 04 75 8d 49 c7 00 aa 00 30 91 09 08 00 45 00 
00 1c 07 f0 20 02 80 01 49 60 c0 a8 24 20 c0 a8 
24 1e 69 6a 6b 6c 6d 6e 6f 70 00 00 00 00 00 00 
00 00 00 00 00 00 00 00 00 00 00 00 

00 04 75 8d 49 c7 00 aa 00 30 91 09 08 00 45 00 
00 1c 07 f0 00 04 80 01 69 5e c0 a8 24 20 c0 a8 
24 1e 62 63 64 65 66 67 68 69 00 00 00 00 00 00 
00 00 00 00 00 00 00 00 00 00 00 00 

00 04 75 8d 49 c7 00 aa 00 30 91 09 08 00 45 00 
00 1c 07 f0 20 03 80 01 49 5f c0 a8 24 20 c0 a8 
24 1e 71 72 73 74 75 76 77 61 00 00 00 00 00 00 
00 00 00 00 00 00 00 00 00 00 00 00 

00 aa 00 30 91 0d 00 04 75 8d 49 c7 08 00 45 00 
00 3c af 21 00 00 40 01 02 11 c0 a8 24 1e c0 a8 
24 20 00 00 fd 5b 03 00 55 00 61 62 63 64 65 66 
67 68 69 6a 6b 6c 6d 6e 6f 70 71 72 73 74 75 76 
77 61 62 63 64 65 66 67 68 69 

00 04 75 8d 49 c7 00 aa 00 30 91 09 08 00 45 00 
00 1c 07 f1 20 00 80 01 49 61 c0 a8 24 20 c0 a8 
24 1e 08 00 f4 5b 03 00 56 00 00 00 00 00 00 00 
00 00 00 00 00 00 00 00 00 00 00 00 

00 04 75 8d 49 c7 00 aa 00 30 91 09 08 00 45 00 
00 1c 07 f1 20 01 80 01 49 60 c0 a8 24 20 c0 a8 
24 1e 61 62 63 64 65 66 67 68 00 00 00 00 00 00 
00 00 00 00 00 00 00 00 00 00 00 00 

00 04 75 8d 49 c7 00 aa 00 30 91 09 08 00 45 00 
00 1c 07 f1 20 02 80 01 49 5f c0 a8 24 20 c0 a8 
24 1e 69 6a 6b 6c 6d 6e 6f 70 00 00 00 00 00 00 
00 00 00 00 00 00 00 00 00 00 00 00 

00 04 75 8d 49 c7 00 aa 00 30 91 09 08 00 45 00 
00 1c 07 f1 00 04 80 01 69 5d c0 a8 24 20 c0 a8 
24 1e 62 63 64 65 66 67 68 69 00 00 00 00 00 00 
00 00 00 00 00 00 00 00 00 00 00 00 

00 04 75 8d 49 c7 00 aa 00 30 91 09 08 00 45 00 
00 1c 07 f1 20 03 80 01 49 5e c0 a8 24 20 c0 a8 
24 1e 71 72 73 74 75 76 77 61 00 00 00 00 00 00 
00 00 00 00 00 00 00 00 00 00 00 00 

00 aa 00 30 91 0d 00 04 75 8d 49 c7 08 00 45 00 
00 3c af 22 00 00 40 01 02 10 c0 a8 24 1e c0 a8 
24 20 00 00 fc 5b 03 00 56 00 61 62 63 64 65 66 
67 68 69 6a 6b 6c 6d 6e 6f 70 71 72 73 74 75 76 
77 61 62 63 64 65 66 67 68 69 

00 04 75 8d 49 c7 00 aa 00 30 91 09 08 00 45 00 
00 1c 07 f2 20 00 80 01 49 60 c0 a8 24 20 c0 a8 
24 1e 08 00 f3 5b 03 00 57 00 00 00 00 00 00 00 
00 00 00 00 00 00 00 00 00 00 00 00 

00 04 75 8d 49 c7 00 aa 00 30 91 09 08 00 45 00 
00 1c 07 f2 20 01 80 01 49 5f c0 a8 24 20 c0 a8 
24 1e 61 62 63 64 65 66 67 68 00 00 00 00 00 00 
00 00 00 00 00 00 00 00 00 00 00 00 

00 04 75 8d 49 c7 00 aa 00 30 91 09 08 00 45 00 
00 1c 07 f2 20 02 80 01 49 5e c0 a8 24 20 c0 a8 
24 1e 69 6a 6b 6c 6d 6e 6f 70 00 00 00 00 00 00 
00 00 00 00 00 00 00 00 00 00 00 00 

00 04 75 8d 49 c7 00 aa 00 30 91 09 08 00 45 00 
00 1c 07 f2 00 04 80 01 69 5c c0 a8 24 20 c0 a8 
24 1e 62 63 64 65 66 67 68 69 00 00 00 00 00 00 
00 00 00 00 00 00 00 00 00 00 00 00 

00 04 75 8d 49 c7 00 aa 00 30 91 09 08 00 45 00 
00 1c 07 f2 20 03 80 01 49 5d c0 a8 24 20 c0 a8 
24 1e 71 72 73 74 75 76 77 61 00 00 00 00 00 00 
00 00 00 00 00 00 00 00 00 00 00 00 

00 aa 00 30 91 0d 00 04 75 8d 49 c7 08 00 45 00 
00 3c af 23 00 00 40 01 02 0f c0 a8 24 1e c0 a8 
24 20 00 00 fb 5b 03 00 57 00 61 62 63 64 65 66 
67 68 69 6a 6b 6c 6d 6e 6f 70 71 72 73 74 75 76 
77 61 62 63 64 65 66 67 68 69 
