00 04 75 8d 49 c7 00 aa 00 30 91 09 08 00 45 00 
00 1c 00 fa 20 00 80 01 50 58 c0 a8 24 20 c0 a8 
24 1e 08 00 41 5c 03 00 09 00 00 00 00 00 00 00 
00 00 00 00 00 00 00 00 00 00 00 00 

00 04 75 8d 49 c7 00 aa 00 30 91 09 08 00 45 00 
00 1c 00 fa 20 02 80 01 50 56 c0 a8 24 20 c0 a8 
24 1e 69 6a 6b 6c 6d 6e 6f 70 00 00 00 00 00 00 
00 00 00 00 00 00 00 00 00 00 00 00 

00 04 75 8d 49 c7 00 aa 00 30 91 09 08 00 45 00 
00 1c 00 fa 20 01 80 01 50 57 c0 a8 24 20 c0 a8 
24 1e 61 62 63 64 65 66 67 68 00 00 00 00 00 00 
00 00 00 00 00 00 00 00 00 00 00 00 

00 04 75 8d 49 c7 00 aa 00 30 91 09 08 00 45 00 
00 1c 00 fa 20 03 80 01 50 55 c0 a8 24 20 c0 a8 
24 1e 71 72 73 74 75 76 77 61 00 00 00 00 00 00 
00 00 00 00 00 00 00 00 00 00 00 00 

00 04 75 8d 49 c7 00 aa 00 30 91 09 08 00 45 00 
00 1c 00 fa 00 04 80 01 70 54 c0 a8 24 20 c0 a8 
24 1e 62 63 64 65 66 67 68 69 00 00 00 00 00 00 
00 00 00 00 00 00 00 00 00 00 00 00 

00 04 75 8d 49 c7 00 aa 00 30 91 09 08 00 45 00 
00 1c 00 fa 20 03 80 01 50 55 c0 a8 24 20 c0 a8 
24 1e 71 72 73 74 75 76 77 61 00 00 00 00 00 00 
00 00 00 00 00 00 00 00 00 00 00 00 

00 aa 00 30 91 0d 00 04 75 8d 49 c7 08 00 45 00 
00 3c 1d b2 00 00 40 01 93 80 c0 a8 24 1e c0 a8 
24 20 00 00 49 5c 03 00 09 00 61 62 63 64 65 66 
67 68 69 6a 6b 6c 6d 6e 6f 70 71 72 73 74 75 76 
77 61 62 63 64 65 66 67 68 69 

00 04 75 8d 49 c7 00 aa 00 30 91 09 08 00 45 00 
00 1c 00 fb 20 00 80 01 50 57 c0 a8 24 20 c0 a8 
24 1e 08 00 40 5c 03 00 0a 00 00 00 00 00 00 00 
00 00 00 00 00 00 00 00 00 00 00 00 

00 04 75 8d 49 c7 00 aa 00 30 91 09 08 00 45 00 
00 1c 00 fb 20 02 80 01 50 55 c0 a8 24 20 c0 a8 
24 1e 69 6a 6b 6c 6d 6e 6f 70 00 00 00 00 00 00 
00 00 00 00 00 00 00 00 00 00 00 00 

00 04 75 8d 49 c7 00 aa 00 30 91 09 08 00 45 00 
00 1c 00 fb 20 01 80 01 50 56 c0 a8 24 20 c0 a8 
24 1e 61 62 63 64 65 66 67 68 00 00 00 00 00 00 
00 00 00 00 00 00 00 00 00 00 00 00 

00 04 75 8d 49 c7 00 aa 00 30 91 09 08 00 45 00 
00 1c 00 fb 20 03 80 01 50 54 c0 a8 24 20 c0 a8 
24 1e 71 72 73 74 75 76 77 61 00 00 00 00 00 00 
00 00 00 00 00 00 00 00 00 00 00 00 

00 04 75 8d 49 c7 00 aa 00 30 91 09 08 00 45 00 
00 1c 00 fb 00 04 80 01 70 53 c0 a8 24 20 c0 a8 
24 1e 62 63 64 65 66 67 68 69 00 00 00 00 00 00 
00 00 00 00 00 00 00 00 00 00 00 00 

00 04 75 8d 49 c7 00 aa 00 30 91 09 08 00 45 00 
00 1c 00 fb 20 03 80 01 50 54 c0 a8 24 20 c0 a8 
24 1e 71 72 73 74 75 76 77 61 00 00 00 00 00 00 
00 00 00 00 00 00 00 00 00 00 00 00 

00 aa 00 30 91 0d 00 04 75 8d 49 c7 08 00 45 00 
00 3c 1d b3 00 00 40 01 93 7f c0 a8 24 1e c0 a8 
24 20 00 00 48 5c 03 00 0a 00 61 62 63 64 65 66 
67 68 69 6a 6b 6c 6d 6e 6f 70 71 72 73 74 75 76 
77 61 62 63 64 65 66 67 68 69 

00 04 75 8d 49 c7 00 aa 00 30 91 09 08 00 45 00 
00 1c 00 fc 20 00 80 01 50 56 c0 a8 24 20 c0 a8 
24 1e 08 00 3f 5c 03 00 0b 00 00 00 00 00 00 00 
00 00 00 00 00 00 00 00 00 00 00 00 

00 04 75 8d 49 c7 00 aa 00 30 91 09 08 00 45 00 
00 1c 00 fc 20 02 80 01 50 54 c0 a8 24 20 c0 a8 
24 1e 69 6a 6b 6c 6d 6e 6f 70 00 00 00 00 00 00 
00 00 00 00 00 00 00 00 00 00 00 00 

00 04 75 8d 49 c7 00 aa 00 30 91 09 08 00 45 00 
00 1c 00 fc 20 01 80 01 50 55 c0 a8 24 20 c0 a8 
24 1e 61 62 63 64 65 66 67 68 00 00 00 00 00 00 
00 00 00 00 00 00 00 00 00 00 00 00 

00 04 75 8d 49 c7 00 aa 00 30 91 09 08 00 45 00 
00 1c 00 fc 20 03 80 01 50 53 c0 a8 24 20 c0 a8 
24 1e 71 72 73 74 75 76 77 61 00 00 00 00 00 00 
00 00 00 00 00 00 00 00 00 00 00 00 

00 04 75 8d 49 c7 00 aa 00 30 91 09 08 00 45 00 
00 1c 00 fc 00 04 80 01 70 52 c0 a8 24 20 c0 a8 
24 1e 62 63 64 65 66 67 68 69 00 00 00 00 00 00 
00 00 00 00 00 00 00 00 00 00 00 00 

00 04 75 8d 49 c7 00 aa 00 30 91 09 08 00 45 00 
00 1c 00 fc 20 03 80 01 50 53 c0 a8 24 20 c0 a8 
24 1e 71 72 73 74 75 76 77 61 00 00 00 00 00 00 
00 00 00 00 00 00 00 00 00 00 00 00 

00 aa 00 30 91 0d 00 04 75 8d 49 c7 08 00 45 00 
00 3c 1d b4 00 00 40 01 93 7e c0 a8 24 1e c0 a8 
24 20 00 00 47 5c 03 00 0b 00 61 62 63 64 65 66 
67 68 69 6a 6b 6c 6d 6e 6f 70 71 72 73 74 75 76 
77 61 62 63 64 65 66 67 68 69 

00 04 75 8d 49 c7 00 aa 00 30 91 09 08 00 45 00 
00 1c 00 fd 20 00 80 01 50 55 c0 a8 24 20 c0 a8 
24 1e 08 00 3e 5c 03 00 0c 00 00 00 00 00 00 00 
00 00 00 00 00 00 00 00 00 00 00 00 

00 04 75 8d 49 c7 00 aa 00 30 91 09 08 00 45 00 
00 1c 00 fd 20 02 80 01 50 53 c0 a8 24 20 c0 a8 
24 1e 69 6a 6b 6c 6d 6e 6f 70 00 00 00 00 00 00 
00 00 00 00 00 00 00 00 00 00 00 00 

00 04 75 8d 49 c7 00 aa 00 30 91 09 08 00 45 00 
00 1c 00 fd 20 01 80 01 50 54 c0 a8 24 20 c0 a8 
24 1e 61 62 63 64 65 66 67 68 00 00 00 00 00 00 
00 00 00 00 00 00 00 00 00 00 00 00 

00 04 75 8d 49 c7 00 aa 00 30 91 09 08 00 45 00 
00 1c 00 fd 20 03 80 01 50 52 c0 a8 24 20 c0 a8 
24 1e 71 72 73 74 75 76 77 61 00 00 00 00 00 00 
00 00 00 00 00 00 00 00 00 00 00 00 

00 04 75 8d 49 c7 00 aa 00 30 91 09 08 00 45 00 
00 1c 00 fd 00 04 80 01 70 51 c0 a8 24 20 c0 a8 
24 1e 62 63 64 65 66 67 68 69 00 00 00 00 00 00 
00 00 00 00 00 00 00 00 00 00 00 00 

00 04 75 8d 49 c7 00 aa 00 30 91 09 08 00 45 00 
00 1c 00 fd 20 03 80 01 50 52 c0 a8 24 20 c0 a8 
24 1e 71 72 73 74 75 76 77 61 00 00 00 00 00 00 
00 00 00 00 00 00 00 00 00 00 00 00 

00 aa 00 30 91 0d 00 04 75 8d 49 c7 08 00 45 00 
00 3c 1d b5 00 00 40 01 93 7d c0 a8 24 1e c0 a8 
24 20 00 00 46 5c 03 00 0c 00 61 62 63 64 65 66 
67 68 69 6a 6b 6c 6d 6e 6f 70 71 72 73 74 75 76 
77 61 62 63 64 65 66 67 68 69 
