00 04 75 8d 49 c7 00 aa 00 30 91 09 08 00 45 00 
00 15 08 8f 00 2c 80 06 68 99 c0 a8 24 20 c0 a8 
24 1e 0a 00 00 00 00 00 00 00 00 00 00 00 00 00 
00 00 00 00 00 00 00 00 00 00 00 00 

00 04 75 8d 49 c7 00 aa 00 30 91 09 08 00 45 00 
00 1c 08 8f 20 01 80 06 48 bd c0 a8 24 20 c0 a8 
24 1e 36 17 8f 5c 50 18 3e f7 00 00 00 00 00 00 
00 00 00 00 00 00 00 00 00 00 00 00 

00 04 75 8d 49 c7 00 aa 00 30 91 09 08 00 45 00 
00 1c 08 8f 20 02 80 06 48 bc c0 a8 24 20 c0 a8 
24 1e ad 3d 00 00 47 45 54 20 00 00 00 00 00 00 
00 00 00 00 00 00 00 00 00 00 00 00 

00 04 75 8d 49 c7 00 aa 00 30 91 09 08 00 45 00 
00 1c 08 8f 20 03 80 06 48 bb c0 a8 24 20 c0 a8 
24 1e 2f 6e 69 73 74 70 72 6f 00 00 00 00 00 00 
00 00 00 00 00 00 00 00 00 00 00 00 

00 04 75 8d 49 c7 00 aa 00 30 91 09 08 00 45 00 
00 1c 08 8f 20 04 80 06 48 ba c0 a8 24 20 c0 a8 
24 1e 64 73 65 72 76 73 2e 67 00 00 00 00 00 00 
00 00 00 00 00 00 00 00 00 00 00 00 

00 04 75 8d 49 c7 00 aa 00 30 91 09 08 00 45 00 
00 1c 08 8f 20 05 80 06 48 b9 c0 a8 24 20 c0 a8 
24 1e 69 66 20 48 54 54 50 2f 00 00 00 00 00 00 
00 00 00 00 00 00 00 00 00 00 00 00 

00 04 75 8d 49 c7 00 aa 00 30 91 09 08 00 45 00 
00 1c 08 8f 20 06 80 06 48 b8 c0 a8 24 20 c0 a8 
24 1e 31 2e 31 0d 0a 41 63 63 00 00 00 00 00 00 
00 00 00 00 00 00 00 00 00 00 00 00 

00 04 75 8d 49 c7 00 aa 00 30 91 09 08 00 45 00 
00 1c 08 8f 20 07 80 06 48 b7 c0 a8 24 20 c0 a8 
24 1e 65 70 74 3a 20 2a 2f 2a 00 00 00 00 00 00 
00 00 00 00 00 00 00 00 00 00 00 00 

00 04 75 8d 49 c7 00 aa 00 30 91 09 08 00 45 00 
00 1c 08 8f 20 08 80 06 48 b6 c0 a8 24 20 c0 a8 
24 1e 0d 0a 52 65 66 65 72 65 00 00 00 00 00 00 
00 00 00 00 00 00 00 00 00 00 00 00 

00 04 75 8d 49 c7 00 aa 00 30 91 09 08 00 45 00 
00 1c 08 8f 20 09 80 06 48 b5 c0 a8 24 20 c0 a8 
24 1e 72 3a 20 68 74 74 70 3a 00 00 00 00 00 00 
00 00 00 00 00 00 00 00 00 00 00 00 

00 04 75 8d 49 c7 00 aa 00 30 91 09 08 00 45 00 
00 1c 08 8f 20 0a 80 06 48 b4 c0 a8 24 20 c0 a8 
24 1e 2f 2f 31 39 32 2e 31 36 00 00 00 00 00 00 
00 00 00 00 00 00 00 00 00 00 00 00 

00 04 75 8d 49 c7 00 aa 00 30 91 09 08 00 45 00 
00 1c 08 8f 20 0b 80 06 48 b3 c0 a8 24 20 c0 a8 
24 1e 38 2e 33 36 2e 33 30 2f 00 00 00 00 00 00 
00 00 00 00 00 00 00 00 00 00 00 00 

00 04 75 8d 49 c7 00 aa 00 30 91 09 08 00 45 00 
00 1c 08 8f 20 0c 80 06 48 b2 c0 a8 24 20 c0 a8 
24 1e 0d 0a 41 63 63 65 70 74 00 00 00 00 00 00 
00 00 00 00 00 00 00 00 00 00 00 00 

00 04 75 8d 49 c7 00 aa 00 30 91 09 08 00 45 00 
00 1c 08 8f 20 0d 80 06 48 b1 c0 a8 24 20 c0 a8 
24 1e 2d 4c 61 6e 67 75 61 67 00 00 00 00 00 00 
00 00 00 00 00 00 00 00 00 00 00 00 

00 04 75 8d 49 c7 00 aa 00 30 91 09 08 00 45 00 
00 1c 08 8f 20 0e 80 06 48 b0 c0 a8 24 20 c0 a8 
24 1e 65 3a 20 65 6e 2d 75 73 00 00 00 00 00 00 
00 00 00 00 00 00 00 00 00 00 00 00 

00 04 75 8d 49 c7 00 aa 00 30 91 09 08 00 45 00 
00 1c 08 8f 20 0f 80 06 48 af c0 a8 24 20 c0 a8 
24 1e 0d 0a 41 63 63 65 70 74 00 00 00 00 00 00 
00 00 00 00 00 00 00 00 00 00 00 00 

00 04 75 8d 49 c7 00 aa 00 30 91 09 08 00 45 00 
00 1c 08 8f 20 10 80 06 48 ae c0 a8 24 20 c0 a8 
24 1e 2d 45 6e 63 6f 64 69 6e 00 00 00 00 00 00 
00 00 00 00 00 00 00 00 00 00 00 00 

00 04 75 8d 49 c7 00 aa 00 30 91 09 08 00 45 00 
00 1c 08 8f 20 11 80 06 48 ad c0 a8 24 20 c0 a8 
24 1e 67 3a 20 67 7a 69 70 2c 00 00 00 00 00 00 
00 00 00 00 00 00 00 00 00 00 00 00 

00 04 75 8d 49 c7 00 aa 00 30 91 09 08 00 45 00 
00 1c 08 8f 20 12 80 06 48 ac c0 a8 24 20 c0 a8 
24 1e 20 64 65 66 6c 61 74 65 00 00 00 00 00 00 
00 00 00 00 00 00 00 00 00 00 00 00 

00 04 75 8d 49 c7 00 aa 00 30 91 09 08 00 45 00 
00 1c 08 8f 20 13 80 06 48 ab c0 a8 24 20 c0 a8 
24 1e 0d 0a 49 66 2d 4d 6f 64 00 00 00 00 00 00 
00 00 00 00 00 00 00 00 00 00 00 00 

00 04 75 8d 49 c7 00 aa 00 30 91 09 08 00 45 00 
00 1c 08 8f 20 14 80 06 48 aa c0 a8 24 20 c0 a8 
24 1e 69 66 69 65 64 2d 53 69 00 00 00 00 00 00 
00 00 00 00 00 00 00 00 00 00 00 00 

00 04 75 8d 49 c7 00 aa 00 30 91 09 08 00 45 00 
00 1c 08 8f 20 15 80 06 48 a9 c0 a8 24 20 c0 a8 
24 1e 6e 63 65 3a 20 54 68 75 00 00 00 00 00 00 
00 00 00 00 00 00 00 00 00 00 00 00 

00 04 75 8d 49 c7 00 aa 00 30 91 09 08 00 45 00 
00 1c 08 8f 20 16 80 06 48 a8 c0 a8 24 20 c0 a8 
24 1e 2c 20 32 33 20 4a 61 6e 00 00 00 00 00 00 
00 00 00 00 00 00 00 00 00 00 00 00 

00 04 75 8d 49 c7 00 aa 00 30 91 09 08 00 45 00 
00 1c 08 8f 20 17 80 06 48 a7 c0 a8 24 20 c0 a8 
24 1e 20 32 30 30 33 20 32 31 00 00 00 00 00 00 
00 00 00 00 00 00 00 00 00 00 00 00 

00 04 75 8d 49 c7 00 aa 00 30 91 09 08 00 45 00 
00 1c 08 8f 20 18 80 06 48 a6 c0 a8 24 20 c0 a8 
24 1e 3a 33 33 3a 35 39 20 47 00 00 00 00 00 00 
00 00 00 00 00 00 00 00 00 00 00 00 

00 04 75 8d 49 c7 00 aa 00 30 91 09 08 00 45 00 
00 1c 08 8f 20 19 80 06 48 a5 c0 a8 24 20 c0 a8 
24 1e 4d 54 0d 0a 49 66 2d 4e 00 00 00 00 00 00 
00 00 00 00 00 00 00 00 00 00 00 00 

00 04 75 8d 49 c7 00 aa 00 30 91 09 08 00 45 00 
00 1c 08 8f 20 1a 80 06 48 a4 c0 a8 24 20 c0 a8 
24 1e 6f 6e 65 2d 4d 61 74 63 00 00 00 00 00 00 
00 00 00 00 00 00 00 00 00 00 00 00 

00 04 75 8d 49 c7 00 aa 00 30 91 09 08 00 45 00 
00 1c 08 8f 20 1b 80 06 48 a3 c0 a8 24 20 c0 a8 
24 1e 68 3a 20 22 33 37 65 39 00 00 00 00 00 00 
00 00 00 00 00 00 00 00 00 00 00 00 

00 04 75 8d 49 c7 00 aa 00 30 91 09 08 00 45 00 
00 1c 08 8f 20 1c 80 06 48 a2 c0 a8 24 20 c0 a8 
24 1e 37 2d 32 39 66 2d 61 31 00 00 00 00 00 00 
00 00 00 00 00 00 00 00 00 00 00 00 

00 04 75 8d 49 c7 00 aa 00 30 91 09 08 00 45 00 
00 1c 08 8f 20 1d 80 06 48 a1 c0 a8 24 20 c0 a8 
24 1e 37 32 33 66 63 30 22 0d 00 00 00 00 00 00 
00 00 00 00 00 00 00 00 00 00 00 00 

00 04 75 8d 49 c7 00 aa 00 30 91 09 08 00 45 00 
00 1c 08 8f 20 1e 80 06 48 a0 c0 a8 24 20 c0 a8 
24 1e 0a 55 73 65 72 2d 41 67 00 00 00 00 00 00 
00 00 00 00 00 00 00 00 00 00 00 00 

00 04 75 8d 49 c7 00 aa 00 30 91 09 08 00 45 00 
00 1c 08 8f 20 1f 80 06 48 9f c0 a8 24 20 c0 a8 
24 1e 65 6e 74 3a 20 4d 6f 7a 00 00 00 00 00 00 
00 00 00 00 00 00 00 00 00 00 00 00 

00 04 75 8d 49 c7 00 aa 00 30 91 09 08 00 45 00 
00 1c 08 8f 20 20 80 06 48 9e c0 a8 24 20 c0 a8 
24 1e 69 6c 6c 61 2f 34 2e 30 00 00 00 00 00 00 
00 00 00 00 00 00 00 00 00 00 00 00 

00 04 75 8d 49 c7 00 aa 00 30 91 09 08 00 45 00 
00 1c 08 8f 20 21 80 06 48 9d c0 a8 24 20 c0 a8 
24 1e 20 28 63 6f 6d 70 61 74 00 00 00 00 00 00 
00 00 00 00 00 00 00 00 00 00 00 00 

00 04 75 8d 49 c7 00 aa 00 30 91 09 08 00 45 00 
00 1c 08 8f 20 22 80 06 48 9c c0 a8 24 20 c0 a8 
24 1e 69 62 6c 65 3b 20 4d 53 00 00 00 00 00 00 
00 00 00 00 00 00 00 00 00 00 00 00 

00 04 75 8d 49 c7 00 aa 00 30 91 09 08 00 45 00 
00 1c 08 8f 20 23 80 06 48 9b c0 a8 24 20 c0 a8 
24 1e 49 45 20 35 2e 30 31 3b 00 00 00 00 00 00 
00 00 00 00 00 00 00 00 00 00 00 00 

00 04 75 8d 49 c7 00 aa 00 30 91 09 08 00 45 00 
00 1c 08 8f 20 24 80 06 48 9a c0 a8 24 20 c0 a8 
24 1e 20 57 69 6e 64 6f 77 73 00 00 00 00 00 00 
00 00 00 00 00 00 00 00 00 00 00 00 

00 04 75 8d 49 c7 00 aa 00 30 91 09 08 00 45 00 
00 1c 08 8f 20 25 80 06 48 99 c0 a8 24 20 c0 a8 
24 1e 20 4e 54 20 35 2e 30 29 00 00 00 00 00 00 
00 00 00 00 00 00 00 00 00 00 00 00 

00 04 75 8d 49 c7 00 aa 00 30 91 09 08 00 45 00 
00 1c 08 8f 20 26 80 06 48 98 c0 a8 24 20 c0 a8 
24 1e 0d 0a 48 6f 73 74 3a 20 00 00 00 00 00 00 
00 00 00 00 00 00 00 00 00 00 00 00 

00 04 75 8d 49 c7 00 aa 00 30 91 09 08 00 45 00 
00 1c 08 8f 20 27 80 06 48 97 c0 a8 24 20 c0 a8 
24 1e 31 39 32 2e 31 36 38 2e 00 00 00 00 00 00 
00 00 00 00 00 00 00 00 00 00 00 00 

00 04 75 8d 49 c7 00 aa 00 30 91 09 08 00 45 00 
00 1c 08 8f 20 28 80 06 48 96 c0 a8 24 20 c0 a8 
24 1e 33 36 2e 33 30 0d 0a 43 00 00 00 00 00 00 
00 00 00 00 00 00 00 00 00 00 00 00 

00 04 75 8d 49 c7 00 aa 00 30 91 09 08 00 45 00 
00 1c 08 8f 20 29 80 06 48 95 c0 a8 24 20 c0 a8 
24 1e 6f 6e 6e 65 63 74 69 6f 00 00 00 00 00 00 
00 00 00 00 00 00 00 00 00 00 00 00 

00 04 75 8d 49 c7 00 aa 00 30 91 09 08 00 45 00 
00 1c 08 8f 20 2a 80 06 48 94 c0 a8 24 20 c0 a8 
24 1e 6e 3a 20 4b 65 65 70 2d 00 00 00 00 00 00 
00 00 00 00 00 00 00 00 00 00 00 00 

00 04 75 8d 49 c7 00 aa 00 30 91 09 08 00 45 00 
00 1c 08 8f 20 2b 80 06 48 93 c0 a8 24 20 c0 a8 
24 1e 41 6c 69 76 65 0d 0a 0d 00 00 00 00 00 00 
00 00 00 00 00 00 00 00 00 00 00 00 

00 04 75 8d 49 c7 00 aa 00 30 91 09 08 00 45 00 
00 1c 08 8f 20 00 80 06 48 be c0 a8 24 20 c0 a8 
24 1e 04 3d 00 50 64 f2 88 33 00 00 00 00 00 00 
00 00 00 00 00 00 00 00 00 00 00 00 

00 04 75 8d 49 c7 00 aa 00 30 91 09 08 00 45 00 
00 1c 08 8f 20 00 80 06 48 be c0 a8 24 20 c0 a8 
24 1e 04 3d 00 50 64 f2 88 33 00 00 00 00 00 00 
00 00 00 00 00 00 00 00 00 00 00 00 
