00 04 75 8d 49 c7 00 aa 00 30 91 09 08 00 45 00 
00 1c 04 ef 20 01 80 06 4c 5d c0 a8 24 20 c0 a8 
24 1e 00 00 00 00 00 00 00 00 00 00 00 00 00 00 
00 00 00 00 00 00 00 00 00 00 00 00 

00 04 75 8d 49 c7 00 aa 00 30 91 09 08 00 45 00 
00 24 04 ef 20 00 80 06 4c 56 c0 a8 24 20 c0 a8 
24 1e 04 25 00 17 42 ac 8a f0 00 00 00 00 70 02 
40 00 00 00 00 00 00 00 00 00 00 00 

00 04 75 8d 49 c7 00 aa 00 30 91 09 08 00 45 00 
00 20 04 ef 00 02 80 06 6c 58 c0 a8 24 20 c0 a8 
24 1e a7 b7 00 00 02 04 05 b4 01 01 04 02 00 00 
00 00 00 00 00 00 00 00 00 00 00 00 

00 aa 00 30 91 0d 00 04 75 8d 49 c7 08 00 45 00 
00 30 00 00 40 00 40 06 71 39 c0 a8 24 1e c0 a8 
24 20 00 17 04 25 97 cf 53 f2 42 ac 8a f1 70 12 
16 d0 e5 14 00 00 02 04 05 b4 01 01 04 02 

00 04 75 8d 49 c7 00 aa 00 30 91 09 08 00 45 00 
00 1c 04 f0 20 01 80 06 4c 5c c0 a8 24 20 c0 a8 
24 1e 00 00 00 00 00 00 00 00 00 00 00 00 00 00 
00 00 00 00 00 00 00 00 00 00 00 00 

00 04 75 8d 49 c7 00 aa 00 30 91 09 08 00 45 00 
00 24 04 f0 20 00 80 06 4c 55 c0 a8 24 20 c0 a8 
24 1e 04 25 00 17 42 ac 8a f1 97 cf 53 f3 50 10 
44 70 00 00 00 00 00 00 00 00 00 00 

00 04 75 8d 49 c7 00 aa 00 30 91 09 08 00 45 00 
00 18 04 f0 00 02 80 06 6c 5f c0 a8 24 20 c0 a8 
24 1e e4 38 00 00 00 00 00 00 00 00 00 00 00 00 
00 00 00 00 00 00 00 00 00 00 00 00 

00 aa 00 30 91 0d 00 04 75 8d 49 c7 08 00 45 10 
00 34 22 cb 40 00 40 06 4e 5a c0 a8 24 1e c0 a8 
24 20 00 17 04 25 97 cf 53 f3 42 ac 8a f1 50 18 
16 d0 da 81 00 00 ff fd 18 ff fd 20 ff fd 23 ff 
fd 27 

00 04 75 8d 49 c7 00 aa 00 30 91 09 08 00 45 00 
00 1c 04 f1 20 01 80 06 4c 5b c0 a8 24 20 c0 a8 
24 1e 00 00 00 00 00 00 00 00 00 00 00 00 00 00 
00 00 00 00 00 00 00 00 00 00 00 00 

00 04 75 8d 49 c7 00 aa 00 30 91 09 08 00 45 00 
00 24 04 f1 20 00 80 06 4c 54 c0 a8 24 20 c0 a8 
24 1e 04 25 00 17 42 ac 8a f1 97 cf 53 ff 50 18 
44 64 00 00 00 00 00 00 00 00 00 00 

00 04 75 8d 49 c7 00 aa 00 30 91 09 08 00 45 00 
00 1e 04 f1 00 02 80 06 6c 58 c0 a8 24 20 c0 a8 
24 1e d0 0f 00 00 ff fb 18 ff fb 1f 00 00 00 00 
00 00 00 00 00 00 00 00 00 00 00 00 

00 aa 00 30 91 0d 00 04 75 8d 49 c7 08 00 45 10 
00 28 22 cc 40 00 40 06 4e 65 c0 a8 24 1e c0 a8 
24 20 00 17 04 25 97 cf 53 ff 42 ac 8a f7 50 10 
16 d0 11 c7 00 00 00 00 00 00 00 00 

00 aa 00 30 91 0d 00 04 75 8d 49 c7 08 00 45 10 
00 2b 22 cd 40 00 40 06 4e 61 c0 a8 24 1e c0 a8 
24 20 00 17 04 25 97 cf 53 ff 42 ac 8a f7 50 18 
16 d0 f2 bd 00 00 ff fd 1f 00 00 00 

00 04 75 8d 49 c7 00 aa 00 30 91 09 08 00 45 00 
00 1c 04 f2 20 01 80 06 4c 5a c0 a8 24 20 c0 a8 
24 1e 00 00 00 00 00 00 00 00 00 00 00 00 00 00 
00 00 00 00 00 00 00 00 00 00 00 00 

00 04 75 8d 49 c7 00 aa 00 30 91 09 08 00 45 00 
00 24 04 f2 20 00 80 06 4c 53 c0 a8 24 20 c0 a8 
24 1e 04 25 00 17 42 ac 8a f7 97 cf 53 ff 50 18 
44 64 00 00 00 00 00 00 00 00 00 00 

00 04 75 8d 49 c7 00 aa 00 30 91 09 08 00 45 00 
00 21 04 f2 00 02 80 06 6c 54 c0 a8 24 20 c0 a8 
24 1e a0 04 00 00 ff fc 20 ff fc 23 ff fc 27 00 
00 00 00 00 00 00 00 00 00 00 00 00 

00 aa 00 30 91 0d 00 04 75 8d 49 c7 08 00 45 10 
00 28 22 ce 40 00 40 06 4e 63 c0 a8 24 1e c0 a8 
24 20 00 17 04 25 97 cf 54 02 42 ac 8b 00 50 10 
16 d0 11 bb 00 00 00 00 00 00 00 00 

00 04 75 8d 49 c7 00 aa 00 30 91 09 08 00 45 00 
00 1c 04 f3 20 01 80 06 4c 59 c0 a8 24 20 c0 a8 
24 1e 00 00 00 00 00 00 00 00 00 00 00 00 00 00 
00 00 00 00 00 00 00 00 00 00 00 00 

00 04 75 8d 49 c7 00 aa 00 30 91 09 08 00 45 00 
00 24 04 f3 20 00 80 06 4c 52 c0 a8 24 20 c0 a8 
24 1e 04 25 00 17 42 ac 8b 00 97 cf 54 02 50 18 
44 61 00 00 00 00 00 00 00 00 00 00 

00 04 75 8d 49 c7 00 aa 00 30 91 09 08 00 45 00 
00 24 04 f3 00 02 80 06 6c 50 c0 a8 24 20 c0 a8 
24 1e c9 a0 00 00 ff fb 1f ff fa 1f 00 50 00 19 
ff f0 00 00 00 00 00 00 00 00 00 00 

00 aa 00 30 91 0d 00 04 75 8d 49 c7 08 00 45 10 
00 2e 22 cf 40 00 40 06 4e 5c c0 a8 24 1e c0 a8 
24 20 00 17 04 25 97 cf 54 02 42 ac 8b 0c 50 18 
16 d0 f9 b3 00 00 ff fa 18 01 ff f0 

00 04 75 8d 49 c7 00 aa 00 30 91 09 08 00 45 00 
00 1c 04 f4 20 01 80 06 4c 58 c0 a8 24 20 c0 a8 
24 1e 00 00 00 00 00 00 00 00 00 00 00 00 00 00 
00 00 00 00 00 00 00 00 00 00 00 00 

00 04 75 8d 49 c7 00 aa 00 30 91 09 08 00 45 00 
00 24 04 f4 20 00 80 06 4c 51 c0 a8 24 20 c0 a8 
24 1e 04 25 00 17 42 ac 8b 0c 97 cf 54 08 50 18 
44 5b 00 00 00 00 00 00 00 00 00 00 

00 04 75 8d 49 c7 00 aa 00 30 91 09 08 00 45 00 
00 22 04 f4 00 02 80 06 6c 51 c0 a8 24 20 c0 a8 
24 1e 37 88 00 00 ff fa 18 00 41 4e 53 49 ff f0 
00 00 00 00 00 00 00 00 00 00 00 00 

00 aa 00 30 91 0d 00 04 75 8d 49 c7 08 00 45 10 
00 34 22 d0 40 00 40 06 4e 55 c0 a8 24 1e c0 a8 
24 20 00 17 04 25 97 cf 54 08 42 ac 8b 16 50 18 
16 d0 0d 71 00 00 ff fb 03 ff fd 01 ff fb 05 ff 
fd 21 

00 04 75 8d 49 c7 00 aa 00 30 91 09 08 00 45 00 
00 1c 04 f5 20 01 80 06 4c 57 c0 a8 24 20 c0 a8 
24 1e 00 00 00 00 00 00 00 00 00 00 00 00 00 00 
00 00 00 00 00 00 00 00 00 00 00 00 

00 04 75 8d 49 c7 00 aa 00 30 91 09 08 00 45 00 
00 24 04 f5 20 00 80 06 4c 50 c0 a8 24 20 c0 a8 
24 1e 04 25 00 17 42 ac 8b 16 97 cf 54 14 50 18 
44 4f 00 00 00 00 00 00 00 00 00 00 

00 04 75 8d 49 c7 00 aa 00 30 91 09 08 00 45 00 
00 1b 04 f5 00 02 80 06 6c 57 c0 a8 24 20 c0 a8 
24 1e e1 0a 00 00 ff fd 03 00 00 00 00 00 00 00 
00 00 00 00 00 00 00 00 00 00 00 00 

00 aa 00 30 91 0d 00 04 75 8d 49 c7 08 00 45 10 
00 28 22 d1 40 00 40 06 4e 60 c0 a8 24 1e c0 a8 
24 20 00 17 04 25 97 cf 54 14 42 ac 8b 19 50 10 
16 d0 11 90 00 00 00 00 00 00 00 00 

00 04 75 8d 49 c7 00 aa 00 30 91 09 08 00 45 00 
00 1c 04 f6 20 01 80 06 4c 56 c0 a8 24 20 c0 a8 
24 1e 00 00 00 00 00 00 00 00 00 00 00 00 00 00 
00 00 00 00 00 00 00 00 00 00 00 00 

00 04 75 8d 49 c7 00 aa 00 30 91 09 08 00 45 00 
00 24 04 f6 20 00 80 06 4c 4f c0 a8 24 20 c0 a8 
24 1e 04 25 00 17 42 ac 8b 19 97 cf 54 14 50 18 
44 4f 00 00 00 00 00 00 00 00 00 00 

00 04 75 8d 49 c7 00 aa 00 30 91 09 08 00 45 00 
00 21 04 f6 00 02 80 06 6c 50 c0 a8 24 20 c0 a8 
24 1e c3 01 00 00 ff fb 01 ff fe 05 ff fc 21 00 
00 00 00 00 00 00 00 00 00 00 00 00 

00 aa 00 30 91 0d 00 04 75 8d 49 c7 08 00 45 10 
00 28 22 d2 40 00 40 06 4e 5f c0 a8 24 1e c0 a8 
24 20 00 17 04 25 97 cf 54 14 42 ac 8b 22 50 10 
16 d0 11 87 00 00 00 00 00 00 00 00 

00 aa 00 30 91 0d 00 04 75 8d 49 c7 08 00 45 10 
03 1b 22 d3 40 00 40 06 4b 6b c0 a8 24 1e c0 a8 
24 20 00 17 04 25 97 cf 54 14 42 ac 8b 22 50 18 
16 d0 ca 53 00 00 ff fe 01 ff fb 01 2a 2a 2a 2a 
57 65 6c 63 6f 6d 65 20 74 6f 20 74 68 65 20 4e 
65 74 77 6f 72 6b 20 53 65 63 75 72 69 74 79 20 
74 65 6c 6e 65 74 20 73 65 72 76 65 72 2a 2a 2a 
2a 0d 0a 54 68 69 73 20 63 6f 6d 70 75 74 65 72 
20 73 79 73 74 65 6d 20 69 6e 63 6c 75 64 69 6e 
67 20 61 6c 6c 20 72 65 6c 61 74 65 64 20 65 71 
75 69 70 6d 65 6e 74 2c 20 6e 65 74 77 6f 72 6b 
73 2c 20 61 6e 64 0d 0a 6e 65 74 77 6f 72 6b 20 
64 65 76 69 63 65 73 2c 20 61 72 65 20 70 72 6f 
76 69 64 65 64 20 6f 6e 6c 79 20 66 6f 72 20 61 
75 74 68 6f 72 69 7a 65 64 20 75 73 65 2e 20 20 
54 68 69 73 20 63 6f 6d 70 75 74 65 72 0d 0a 73 
79 73 74 65 6d 20 6d 61 79 20 62 65 20 6d 6f 6e 
69 74 6f 72 65 64 20 66 6f 72 20 61 6c 6c 20 6c 
61 77 66 75 6c 20 70 75 72 70 6f 73 65 73 2c 20 
69 6e 63 6c 75 64 69 6e 67 20 74 6f 20 65 6e 73 
75 72 65 20 74 68 61 74 0d 0a 75 73 65 20 69 73 
20 61 75 74 68 6f 72 69 7a 65 64 2c 20 66 6f 72 
20 6d 61 6e 61 67 65 6d 65 6e 74 20 6f 66 20 74 
68 65 20 73 79 73 74 65 6d 2c 20 74 6f 20 66 61 
63 69 6c 69 74 61 74 65 20 70 72 6f 74 65 63 74 
69 6f 6e 0d 0a 61 67 61 69 6e 73 74 20 75 6e 61 
75 74 68 6f 72 69 7a 65 64 20 61 63 63 65 73 73 
2c 20 61 6e 64 20 74 6f 20 76 65 72 69 66 79 20 
73 65 63 75 72 69 74 79 20 70 72 6f 63 65 64 75 
72 65 73 2c 20 0d 0a 73 75 72 76 69 76 61 62 69 
6c 69 74 79 20 61 6e 64 20 6f 70 65 72 61 74 69 
6f 6e 61 6c 20 73 65 63 75 72 69 74 79 2e 20 20 
44 75 72 69 6e 67 20 6d 6f 6e 69 74 6f 72 69 6e 
67 20 69 6e 66 6f 72 6d 61 74 69 6f 6e 20 6d 61 
79 0d 0a 62 65 20 65 78 61 6d 69 6e 65 64 2c 20 
72 65 63 6f 72 64 65 64 2c 20 63 6f 70 69 65 64 
20 61 6e 64 20 75 73 65 64 20 66 6f 72 20 61 75 
74 68 6f 72 69 7a 65 64 20 70 75 72 70 6f 73 65 
73 2e 20 20 41 6c 6c 20 0d 0a 69 6e 66 6f 72 6d 
61 74 69 6f 6e 2c 20 69 6e 63 6c 75 64 69 6e 67 
20 70 65 72 73 6f 6e 61 6c 20 69 6e 66 6f 72 6d 
61 74 69 6f 6e 20 70 6c 61 63 65 64 20 6f 6e 20 
6f 72 20 73 65 6e 74 20 6f 76 65 72 20 74 68 69 
73 0d 0a 73 79 73 74 65 6d 20 6d 61 79 20 62 65 
20 6d 6f 6e 69 74 6f 72 65 64 2e 20 20 55 6e 61 
75 74 68 6f 72 69 7a 65 64 20 75 73 65 20 6d 61 
79 20 73 75 62 6a 65 63 74 20 79 6f 75 20 74 6f 
20 63 72 69 6d 69 6e 61 6c 20 0d 0a 70 72 6f 73 
65 63 75 74 69 6f 6e 2e 0d 0a 0d 0a 54 68 61 6e 
6b 20 79 6f 75 2c 20 68 61 76 65 20 61 20 6e 69 
63 65 20 44 61 79 2e 0d 0a 

00 04 75 8d 49 c7 00 aa 00 30 91 09 08 00 45 00 
00 1c 04 f7 20 01 80 06 4c 55 c0 a8 24 20 c0 a8 
24 1e 00 00 00 00 00 00 00 00 00 00 00 00 00 00 
00 00 00 00 00 00 00 00 00 00 00 00 

00 04 75 8d 49 c7 00 aa 00 30 91 09 08 00 45 00 
00 24 04 f7 20 00 80 06 4c 4e c0 a8 24 20 c0 a8 
24 1e 04 25 00 17 42 ac 8b 22 97 cf 57 07 50 18 
41 5c 00 00 00 00 00 00 00 00 00 00 

00 04 75 8d 49 c7 00 aa 00 30 91 09 08 00 45 00 
00 1b 04 f7 00 02 80 06 6c 55 c0 a8 24 20 c0 a8 
24 1e e2 ff 00 00 ff fc 01 00 00 00 00 00 00 00 
00 00 00 00 00 00 00 00 00 00 00 00 

00 aa 00 30 91 0d 00 04 75 8d 49 c7 08 00 45 10 
00 2f 22 d4 40 00 40 06 4e 56 c0 a8 24 1e c0 a8 
24 20 00 17 04 25 97 cf 57 07 42 ac 8b 25 50 18 
16 d0 ac 6e 00 00 6c 6f 67 69 6e 3a 20 

00 04 75 8d 49 c7 00 aa 00 30 91 09 08 00 45 00 
00 1c 04 f8 20 01 80 06 4c 54 c0 a8 24 20 c0 a8 
24 1e 00 00 00 00 00 00 00 00 00 00 00 00 00 00 
00 00 00 00 00 00 00 00 00 00 00 00 

00 04 75 8d 49 c7 00 aa 00 30 91 09 08 00 45 00 
00 24 04 f8 20 00 80 06 4c 4d c0 a8 24 20 c0 a8 
24 1e 04 25 00 17 42 ac 8b 25 97 cf 57 0e 50 18 
41 55 00 00 00 00 00 00 00 00 00 00 

00 04 75 8d 49 c7 00 aa 00 30 91 09 08 00 45 00 
00 1b 04 f8 00 02 80 06 6c 54 c0 a8 24 20 c0 a8 
24 1e e2 fb 00 00 ff fd 01 00 00 00 00 00 00 00 
00 00 00 00 00 00 00 00 00 00 00 00 

00 aa 00 30 91 0d 00 04 75 8d 49 c7 08 00 45 10 
00 28 22 d5 40 00 40 06 4e 5c c0 a8 24 1e c0 a8 
24 20 00 17 04 25 97 cf 57 0e 42 ac 8b 28 50 10 
16 d0 0e 87 00 00 00 00 00 00 00 00 

00 04 75 8d 49 c7 00 aa 00 30 91 09 08 00 45 00 
00 1c 04 f9 20 01 80 06 4c 53 c0 a8 24 20 c0 a8 
24 1e 00 00 00 00 00 00 00 00 00 00 00 00 00 00 
00 00 00 00 00 00 00 00 00 00 00 00 

00 04 75 8d 49 c7 00 aa 00 30 91 09 08 00 45 00 
00 24 04 f9 20 00 80 06 4c 4c c0 a8 24 20 c0 a8 
24 1e 04 25 00 17 42 ac 8b 28 97 cf 57 0e 50 18 
41 55 00 00 00 00 00 00 00 00 00 00 

00 04 75 8d 49 c7 00 aa 00 30 91 09 08 00 45 00 
00 19 04 f9 00 02 80 06 6c 55 c0 a8 24 20 c0 a8 
24 1e 7b f8 00 00 68 00 00 00 00 00 00 00 00 00 
00 00 00 00 00 00 00 00 00 00 00 00 

00 aa 00 30 91 0d 00 04 75 8d 49 c7 08 00 45 10 
00 28 22 d6 40 00 40 06 4e 5b c0 a8 24 1e c0 a8 
24 20 00 17 04 25 97 cf 57 0e 42 ac 8b 29 50 10 
16 d0 0e 86 00 00 00 00 00 00 00 00 

00 aa 00 30 91 0d 00 04 75 8d 49 c7 08 00 45 10 
00 29 22 d7 40 00 40 06 4e 59 c0 a8 24 1e c0 a8 
24 20 00 17 04 25 97 cf 57 0e 42 ac 8b 29 50 18 
16 d0 a6 7c 00 00 68 00 00 00 00 00 

00 04 75 8d 49 c7 00 aa 00 30 91 09 08 00 45 00 
00 1c 04 fa 20 01 80 06 4c 52 c0 a8 24 20 c0 a8 
24 1e 00 00 00 00 00 00 00 00 00 00 00 00 00 00 
00 00 00 00 00 00 00 00 00 00 00 00 

00 04 75 8d 49 c7 00 aa 00 30 91 09 08 00 45 00 
00 24 04 fa 20 00 80 06 4c 4b c0 a8 24 20 c0 a8 
24 1e 04 25 00 17 42 ac 8b 29 97 cf 57 0f 50 18 
41 54 00 00 00 00 00 00 00 00 00 00 

00 04 75 8d 49 c7 00 aa 00 30 91 09 08 00 45 00 
00 19 04 fa 00 02 80 06 6c 54 c0 a8 24 20 c0 a8 
24 1e 82 f7 00 00 61 00 00 00 00 00 00 00 00 00 
00 00 00 00 00 00 00 00 00 00 00 00 

00 aa 00 30 91 0d 00 04 75 8d 49 c7 08 00 45 10 
00 29 22 d8 40 00 40 06 4e 58 c0 a8 24 1e c0 a8 
24 20 00 17 04 25 97 cf 57 0f 42 ac 8b 2a 50 18 
16 d0 ad 7a 00 00 61 00 00 00 00 00 

00 04 75 8d 49 c7 00 aa 00 30 91 09 08 00 45 00 
00 1c 04 fb 20 01 80 06 4c 51 c0 a8 24 20 c0 a8 
24 1e 00 00 00 00 00 00 00 00 00 00 00 00 00 00 
00 00 00 00 00 00 00 00 00 00 00 00 

00 04 75 8d 49 c7 00 aa 00 30 91 09 08 00 45 00 
00 24 04 fb 20 00 80 06 4c 4a c0 a8 24 20 c0 a8 
24 1e 04 25 00 17 42 ac 8b 2a 97 cf 57 10 50 18 
41 53 00 00 00 00 00 00 00 00 00 00 

00 04 75 8d 49 c7 00 aa 00 30 91 09 08 00 45 00 
00 19 04 fb 00 02 80 06 6c 53 c0 a8 24 20 c0 a8 
24 1e 7b f6 00 00 68 00 00 00 00 00 00 00 00 00 
00 00 00 00 00 00 00 00 00 00 00 00 

00 aa 00 30 91 0d 00 04 75 8d 49 c7 08 00 45 10 
00 29 22 d9 40 00 40 06 4e 57 c0 a8 24 1e c0 a8 
24 20 00 17 04 25 97 cf 57 10 42 ac 8b 2b 50 18 
16 d0 a6 78 00 00 68 00 00 00 00 00 

00 04 75 8d 49 c7 00 aa 00 30 91 09 08 00 45 00 
00 1c 04 fc 20 01 80 06 4c 50 c0 a8 24 20 c0 a8 
24 1e 00 00 00 00 00 00 00 00 00 00 00 00 00 00 
00 00 00 00 00 00 00 00 00 00 00 00 

00 04 75 8d 49 c7 00 aa 00 30 91 09 08 00 45 00 
00 24 04 fc 20 00 80 06 4c 49 c0 a8 24 20 c0 a8 
24 1e 04 25 00 17 42 ac 8b 2b 97 cf 57 11 50 18 
41 52 00 00 00 00 00 00 00 00 00 00 

00 04 75 8d 49 c7 00 aa 00 30 91 09 08 00 45 00 
00 19 04 fc 00 02 80 06 6c 52 c0 a8 24 20 c0 a8 
24 1e 82 f5 00 00 61 00 00 00 00 00 00 00 00 00 
00 00 00 00 00 00 00 00 00 00 00 00 

00 aa 00 30 91 0d 00 04 75 8d 49 c7 08 00 45 10 
00 29 22 da 40 00 40 06 4e 56 c0 a8 24 1e c0 a8 
24 20 00 17 04 25 97 cf 57 11 42 ac 8b 2c 50 18 
16 d0 ad 76 00 00 61 00 00 00 00 00 

00 04 75 8d 49 c7 00 aa 00 30 91 09 08 00 45 00 
00 1c 04 fd 20 01 80 06 4c 4f c0 a8 24 20 c0 a8 
24 1e 00 00 00 00 00 00 00 00 00 00 00 00 00 00 
00 00 00 00 00 00 00 00 00 00 00 00 

00 04 75 8d 49 c7 00 aa 00 30 91 09 08 00 45 00 
00 24 04 fd 20 00 80 06 4c 48 c0 a8 24 20 c0 a8 
24 1e 04 25 00 17 42 ac 8b 2c 97 cf 57 12 50 18 
41 51 00 00 00 00 00 00 00 00 00 00 

00 04 75 8d 49 c7 00 aa 00 30 91 09 08 00 45 00 
00 19 04 fd 00 02 80 06 6c 51 c0 a8 24 20 c0 a8 
24 1e 7b f4 00 00 68 00 00 00 00 00 00 00 00 00 
00 00 00 00 00 00 00 00 00 00 00 00 

00 aa 00 30 91 0d 00 04 75 8d 49 c7 08 00 45 10 
00 29 22 db 40 00 40 06 4e 55 c0 a8 24 1e c0 a8 
24 20 00 17 04 25 97 cf 57 12 42 ac 8b 2d 50 18 
16 d0 a6 74 00 00 68 00 00 00 00 00 

00 04 75 8d 49 c7 00 aa 00 30 91 09 08 00 45 00 
00 1c 04 fe 20 01 80 06 4c 4e c0 a8 24 20 c0 a8 
24 1e 00 00 00 00 00 00 00 00 00 00 00 00 00 00 
00 00 00 00 00 00 00 00 00 00 00 00 

00 04 75 8d 49 c7 00 aa 00 30 91 09 08 00 45 00 
00 24 04 fe 20 00 80 06 4c 47 c0 a8 24 20 c0 a8 
24 1e 04 25 00 17 42 ac 8b 2d 97 cf 57 13 50 10 
41 50 00 00 00 00 00 00 00 00 00 00 

00 04 75 8d 49 c7 00 aa 00 30 91 09 08 00 45 00 
00 18 04 fe 00 02 80 06 6c 51 c0 a8 24 20 c0 a8 
24 1e e3 fc 00 00 00 00 00 00 00 00 00 00 00 00 
00 00 00 00 00 00 00 00 00 00 00 00 

00 04 75 8d 49 c7 00 aa 00 30 91 09 08 00 45 00 
00 1c 04 ff 20 01 80 06 4c 4d c0 a8 24 20 c0 a8 
24 1e 00 00 00 00 00 00 00 00 00 00 00 00 00 00 
00 00 00 00 00 00 00 00 00 00 00 00 

00 04 75 8d 49 c7 00 aa 00 30 91 09 08 00 45 00 
00 24 04 ff 20 00 80 06 4c 46 c0 a8 24 20 c0 a8 
24 1e 04 25 00 17 42 ac 8b 2d 97 cf 57 13 50 18 
41 50 00 00 00 00 00 00 00 00 00 00 

00 04 75 8d 49 c7 00 aa 00 30 91 09 08 00 45 00 
00 19 04 ff 00 02 80 06 6c 4f c0 a8 24 20 c0 a8 
24 1e 82 f3 00 00 61 00 00 00 00 00 00 00 00 00 
00 00 00 00 00 00 00 00 00 00 00 00 

00 aa 00 30 91 0d 00 04 75 8d 49 c7 08 00 45 10 
00 29 22 dc 40 00 40 06 4e 54 c0 a8 24 1e c0 a8 
24 20 00 17 04 25 97 cf 57 13 42 ac 8b 2e 50 18 
16 d0 ad 72 00 00 61 00 00 00 00 00 

00 04 75 8d 49 c7 00 aa 00 30 91 09 08 00 45 00 
00 1c 05 00 20 01 80 06 4c 4c c0 a8 24 20 c0 a8 
24 1e 00 00 00 00 00 00 00 00 00 00 00 00 00 00 
00 00 00 00 00 00 00 00 00 00 00 00 

00 04 75 8d 49 c7 00 aa 00 30 91 09 08 00 45 00 
00 24 05 00 20 00 80 06 4c 45 c0 a8 24 20 c0 a8 
24 1e 04 25 00 17 42 ac 8b 2e 97 cf 57 14 50 18 
41 4f 00 00 00 00 00 00 00 00 00 00 

00 04 75 8d 49 c7 00 aa 00 30 91 09 08 00 45 00 
00 19 05 00 00 02 80 06 6c 4e c0 a8 24 20 c0 a8 
24 1e 7b f2 00 00 68 00 00 00 00 00 00 00 00 00 
00 00 00 00 00 00 00 00 00 00 00 00 

00 aa 00 30 91 0d 00 04 75 8d 49 c7 08 00 45 10 
00 29 22 dd 40 00 40 06 4e 53 c0 a8 24 1e c0 a8 
24 20 00 17 04 25 97 cf 57 14 42 ac 8b 2f 50 18 
16 d0 a6 70 00 00 68 00 00 00 00 00 

00 04 75 8d 49 c7 00 aa 00 30 91 09 08 00 45 00 
00 1c 05 01 20 01 80 06 4c 4b c0 a8 24 20 c0 a8 
24 1e 00 00 00 00 00 00 00 00 00 00 00 00 00 00 
00 00 00 00 00 00 00 00 00 00 00 00 

00 04 75 8d 49 c7 00 aa 00 30 91 09 08 00 45 00 
00 24 05 01 20 00 80 06 4c 44 c0 a8 24 20 c0 a8 
24 1e 04 25 00 17 42 ac 8b 2f 97 cf 57 15 50 18 
41 4e 00 00 00 00 00 00 00 00 00 00 

00 04 75 8d 49 c7 00 aa 00 30 91 09 08 00 45 00 
00 19 05 01 00 02 80 06 6c 4d c0 a8 24 20 c0 a8 
24 1e 7b f1 00 00 68 00 00 00 00 00 00 00 00 00 
00 00 00 00 00 00 00 00 00 00 00 00 

00 aa 00 30 91 0d 00 04 75 8d 49 c7 08 00 45 10 
00 29 22 de 40 00 40 06 4e 52 c0 a8 24 1e c0 a8 
24 20 00 17 04 25 97 cf 57 15 42 ac 8b 30 50 18 
16 d0 a6 6e 00 00 68 00 00 00 00 00 

00 04 75 8d 49 c7 00 aa 00 30 91 09 08 00 45 00 
00 1c 05 02 20 01 80 06 4c 4a c0 a8 24 20 c0 a8 
24 1e 00 00 00 00 00 00 00 00 00 00 00 00 00 00 
00 00 00 00 00 00 00 00 00 00 00 00 

00 04 75 8d 49 c7 00 aa 00 30 91 09 08 00 45 00 
00 24 05 02 20 00 80 06 4c 43 c0 a8 24 20 c0 a8 
24 1e 04 25 00 17 42 ac 8b 30 97 cf 57 16 50 18 
41 4d 00 00 00 00 00 00 00 00 00 00 

00 04 75 8d 49 c7 00 aa 00 30 91 09 08 00 45 00 
00 19 05 02 00 02 80 06 6c 4c c0 a8 24 20 c0 a8 
24 1e 82 f0 00 00 61 00 00 00 00 00 00 00 00 00 
00 00 00 00 00 00 00 00 00 00 00 00 

00 aa 00 30 91 0d 00 04 75 8d 49 c7 08 00 45 10 
00 29 22 df 40 00 40 06 4e 51 c0 a8 24 1e c0 a8 
24 20 00 17 04 25 97 cf 57 16 42 ac 8b 31 50 18 
16 d0 ad 6c 00 00 61 00 00 00 00 00 

00 04 75 8d 49 c7 00 aa 00 30 91 09 08 00 45 00 
00 1c 05 03 20 01 80 06 4c 49 c0 a8 24 20 c0 a8 
24 1e 00 00 00 00 00 00 00 00 00 00 00 00 00 00 
00 00 00 00 00 00 00 00 00 00 00 00 

00 04 75 8d 49 c7 00 aa 00 30 91 09 08 00 45 00 
00 24 05 03 20 00 80 06 4c 42 c0 a8 24 20 c0 a8 
24 1e 04 25 00 17 42 ac 8b 31 97 cf 57 17 50 18 
41 4c 00 00 00 00 00 00 00 00 00 00 

00 04 75 8d 49 c7 00 aa 00 30 91 09 08 00 45 00 
00 19 05 03 00 02 80 06 6c 4b c0 a8 24 20 c0 a8 
24 1e 7b ef 00 00 68 00 00 00 00 00 00 00 00 00 
00 00 00 00 00 00 00 00 00 00 00 00 

00 aa 00 30 91 0d 00 04 75 8d 49 c7 08 00 45 10 
00 29 22 e0 40 00 40 06 4e 50 c0 a8 24 1e c0 a8 
24 20 00 17 04 25 97 cf 57 17 42 ac 8b 32 50 18 
16 d0 a6 6a 00 00 68 00 00 00 00 00 

00 04 75 8d 49 c7 00 aa 00 30 91 09 08 00 45 00 
00 1c 05 04 20 01 80 06 4c 48 c0 a8 24 20 c0 a8 
24 1e 00 00 00 00 00 00 00 00 00 00 00 00 00 00 
00 00 00 00 00 00 00 00 00 00 00 00 

00 04 75 8d 49 c7 00 aa 00 30 91 09 08 00 45 00 
00 24 05 04 20 00 80 06 4c 41 c0 a8 24 20 c0 a8 
24 1e 04 25 00 17 42 ac 8b 32 97 cf 57 18 50 18 
41 4b 00 00 00 00 00 00 00 00 00 00 

00 04 75 8d 49 c7 00 aa 00 30 91 09 08 00 45 00 
00 19 05 04 00 02 80 06 6c 4a c0 a8 24 20 c0 a8 
24 1e 82 ee 00 00 61 00 00 00 00 00 00 00 00 00 
00 00 00 00 00 00 00 00 00 00 00 00 

00 aa 00 30 91 0d 00 04 75 8d 49 c7 08 00 45 10 
00 29 22 e1 40 00 40 06 4e 4f c0 a8 24 1e c0 a8 
24 20 00 17 04 25 97 cf 57 18 42 ac 8b 33 50 18 
16 d0 ad 68 00 00 61 00 00 00 00 00 

00 04 75 8d 49 c7 00 aa 00 30 91 09 08 00 45 00 
00 1c 05 05 20 01 80 06 4c 47 c0 a8 24 20 c0 a8 
24 1e 00 00 00 00 00 00 00 00 00 00 00 00 00 00 
00 00 00 00 00 00 00 00 00 00 00 00 

00 04 75 8d 49 c7 00 aa 00 30 91 09 08 00 45 00 
00 24 05 05 20 00 80 06 4c 40 c0 a8 24 20 c0 a8 
24 1e 04 25 00 17 42 ac 8b 33 97 cf 57 19 50 10 
41 4a 00 00 00 00 00 00 00 00 00 00 

00 04 75 8d 49 c7 00 aa 00 30 91 09 08 00 45 00 
00 18 05 05 00 02 80 06 6c 4a c0 a8 24 20 c0 a8 
24 1e e3 f6 00 00 00 00 00 00 00 00 00 00 00 00 
00 00 00 00 00 00 00 00 00 00 00 00 

00 04 75 8d 49 c7 00 aa 00 30 91 09 08 00 45 00 
00 1c 05 06 20 01 80 06 4c 46 c0 a8 24 20 c0 a8 
24 1e 00 00 00 00 00 00 00 00 00 00 00 00 00 00 
00 00 00 00 00 00 00 00 00 00 00 00 

00 04 75 8d 49 c7 00 aa 00 30 91 09 08 00 45 00 
00 24 05 06 20 00 80 06 4c 3f c0 a8 24 20 c0 a8 
24 1e 04 25 00 17 42 ac 8b 33 97 cf 57 19 50 18 
41 4a 00 00 00 00 00 00 00 00 00 00 

00 04 75 8d 49 c7 00 aa 00 30 91 09 08 00 45 00 
00 1a 05 06 00 02 80 06 6c 47 c0 a8 24 20 c0 a8 
24 1e d6 e2 00 00 0d 0a 00 00 00 00 00 00 00 00 
00 00 00 00 00 00 00 00 00 00 00 00 

00 aa 00 30 91 0d 00 04 75 8d 49 c7 08 00 45 10 
00 2a 22 e2 40 00 40 06 4e 4d c0 a8 24 1e c0 a8 
24 20 00 17 04 25 97 cf 57 19 42 ac 8b 35 50 18 
16 d0 01 5b 00 00 0d 0a 00 00 00 00 

00 04 75 8d 49 c7 00 aa 00 30 91 09 08 00 45 00 
00 1c 05 07 20 01 80 06 4c 45 c0 a8 24 20 c0 a8 
24 1e 00 00 00 00 00 00 00 00 00 00 00 00 00 00 
00 00 00 00 00 00 00 00 00 00 00 00 

00 04 75 8d 49 c7 00 aa 00 30 91 09 08 00 45 00 
00 24 05 07 20 00 80 06 4c 3e c0 a8 24 20 c0 a8 
24 1e 04 25 00 17 42 ac 8b 35 97 cf 57 1b 50 10 
41 48 00 00 00 00 00 00 00 00 00 00 

00 04 75 8d 49 c7 00 aa 00 30 91 09 08 00 45 00 
00 18 05 07 00 02 80 06 6c 48 c0 a8 24 20 c0 a8 
24 1e e3 f4 00 00 00 00 00 00 00 00 00 00 00 00 
00 00 00 00 00 00 00 00 00 00 00 00 

00 aa 00 30 91 0d 00 04 75 8d 49 c7 08 00 45 10 
00 32 22 e3 40 00 40 06 4e 44 c0 a8 24 1e c0 a8 
24 20 00 17 04 25 97 cf 57 1b 42 ac 8b 35 50 18 
16 d0 26 92 00 00 50 61 73 73 77 6f 72 64 3a 20 


00 04 75 8d 49 c7 00 aa 00 30 91 09 08 00 45 00 
00 1c 05 08 20 01 80 06 4c 44 c0 a8 24 20 c0 a8 
24 1e 00 00 00 00 00 00 00 00 00 00 00 00 00 00 
00 00 00 00 00 00 00 00 00 00 00 00 

00 04 75 8d 49 c7 00 aa 00 30 91 09 08 00 45 00 
00 24 05 08 20 00 80 06 4c 3d c0 a8 24 20 c0 a8 
24 1e 04 25 00 17 42 ac 8b 35 97 cf 57 25 50 10 
41 3e 00 00 00 00 00 00 00 00 00 00 

00 04 75 8d 49 c7 00 aa 00 30 91 09 08 00 45 00 
00 18 05 08 00 02 80 06 6c 47 c0 a8 24 20 c0 a8 
24 1e e3 f4 00 00 00 00 00 00 00 00 00 00 00 00 
00 00 00 00 00 00 00 00 00 00 00 00 

00 04 75 8d 49 c7 00 aa 00 30 91 09 08 00 45 00 
00 1c 05 09 20 01 80 06 4c 43 c0 a8 24 20 c0 a8 
24 1e 00 00 00 00 00 00 00 00 00 00 00 00 00 00 
00 00 00 00 00 00 00 00 00 00 00 00 

00 04 75 8d 49 c7 00 aa 00 30 91 09 08 00 45 00 
00 24 05 09 20 00 80 06 4c 3c c0 a8 24 20 c0 a8 
24 1e 04 25 00 17 42 ac 8b 35 97 cf 57 25 50 18 
41 3e 00 00 00 00 00 00 00 00 00 00 

00 04 75 8d 49 c7 00 aa 00 30 91 09 08 00 45 00 
00 19 05 09 00 02 80 06 6c 45 c0 a8 24 20 c0 a8 
24 1e 6c eb 00 00 77 00 00 00 00 00 00 00 00 00 
00 00 00 00 00 00 00 00 00 00 00 00 

00 aa 00 30 91 0d 00 04 75 8d 49 c7 08 00 45 10 
00 28 22 e4 40 00 40 06 4e 4d c0 a8 24 1e c0 a8 
24 20 00 17 04 25 97 cf 57 25 42 ac 8b 36 50 10 
16 d0 0e 62 00 00 00 00 00 00 00 00 

00 04 75 8d 49 c7 00 aa 00 30 91 09 08 00 45 00 
00 1c 05 0a 20 01 80 06 4c 42 c0 a8 24 20 c0 a8 
24 1e 00 00 00 00 00 00 00 00 00 00 00 00 00 00 
00 00 00 00 00 00 00 00 00 00 00 00 

00 04 75 8d 49 c7 00 aa 00 30 91 09 08 00 45 00 
00 24 05 0a 20 00 80 06 4c 3b c0 a8 24 20 c0 a8 
24 1e 04 25 00 17 42 ac 8b 36 97 cf 57 25 50 18 
41 3e 00 00 00 00 00 00 00 00 00 00 

00 04 75 8d 49 c7 00 aa 00 30 91 09 08 00 45 00 
00 19 05 0a 00 02 80 06 6c 44 c0 a8 24 20 c0 a8 
24 1e 7b ea 00 00 68 00 00 00 00 00 00 00 00 00 
00 00 00 00 00 00 00 00 00 00 00 00 

00 aa 00 30 91 0d 00 04 75 8d 49 c7 08 00 45 10 
00 28 22 e5 40 00 40 06 4e 4c c0 a8 24 1e c0 a8 
24 20 00 17 04 25 97 cf 57 25 42 ac 8b 37 50 10 
16 d0 0e 61 00 00 00 00 00 00 00 00 

00 04 75 8d 49 c7 00 aa 00 30 91 09 08 00 45 00 
00 1c 05 0b 20 01 80 06 4c 41 c0 a8 24 20 c0 a8 
24 1e 00 00 00 00 00 00 00 00 00 00 00 00 00 00 
00 00 00 00 00 00 00 00 00 00 00 00 

00 04 75 8d 49 c7 00 aa 00 30 91 09 08 00 45 00 
00 24 05 0b 20 00 80 06 4c 3a c0 a8 24 20 c0 a8 
24 1e 04 25 00 17 42 ac 8b 37 97 cf 57 25 50 18 
41 3e 00 00 00 00 00 00 00 00 00 00 

00 04 75 8d 49 c7 00 aa 00 30 91 09 08 00 45 00 
00 19 05 0b 00 02 80 06 6c 43 c0 a8 24 20 c0 a8 
24 1e 82 e9 00 00 61 00 00 00 00 00 00 00 00 00 
00 00 00 00 00 00 00 00 00 00 00 00 

00 aa 00 30 91 0d 00 04 75 8d 49 c7 08 00 45 10 
00 28 22 e6 40 00 40 06 4e 4b c0 a8 24 1e c0 a8 
24 20 00 17 04 25 97 cf 57 25 42 ac 8b 38 50 10 
16 d0 0e 60 00 00 00 00 00 00 00 00 

00 04 75 8d 49 c7 00 aa 00 30 91 09 08 00 45 00 
00 1c 05 0c 20 01 80 06 4c 40 c0 a8 24 20 c0 a8 
24 1e 00 00 00 00 00 00 00 00 00 00 00 00 00 00 
00 00 00 00 00 00 00 00 00 00 00 00 

00 04 75 8d 49 c7 00 aa 00 30 91 09 08 00 45 00 
00 24 05 0c 20 00 80 06 4c 39 c0 a8 24 20 c0 a8 
24 1e 04 25 00 17 42 ac 8b 38 97 cf 57 25 50 18 
41 3e 00 00 00 00 00 00 00 00 00 00 

00 04 75 8d 49 c7 00 aa 00 30 91 09 08 00 45 00 
00 19 05 0c 00 02 80 06 6c 42 c0 a8 24 20 c0 a8 
24 1e 6f e8 00 00 74 00 00 00 00 00 00 00 00 00 
00 00 00 00 00 00 00 00 00 00 00 00 

00 aa 00 30 91 0d 00 04 75 8d 49 c7 08 00 45 10 
00 28 22 e7 40 00 40 06 4e 4a c0 a8 24 1e c0 a8 
24 20 00 17 04 25 97 cf 57 25 42 ac 8b 39 50 10 
16 d0 0e 5f 00 00 00 00 00 00 00 00 

00 04 75 8d 49 c7 00 aa 00 30 91 09 08 00 45 00 
00 1c 05 0d 20 01 80 06 4c 3f c0 a8 24 20 c0 a8 
24 1e 00 00 00 00 00 00 00 00 00 00 00 00 00 00 
00 00 00 00 00 00 00 00 00 00 00 00 

00 04 75 8d 49 c7 00 aa 00 30 91 09 08 00 45 00 
00 24 05 0d 20 00 80 06 4c 38 c0 a8 24 20 c0 a8 
24 1e 04 25 00 17 42 ac 8b 39 97 cf 57 25 50 18 
41 3e 00 00 00 00 00 00 00 00 00 00 

00 04 75 8d 49 c7 00 aa 00 30 91 09 08 00 45 00 
00 19 05 0d 00 02 80 06 6c 41 c0 a8 24 20 c0 a8 
24 1e bc e7 00 00 27 00 00 00 00 00 00 00 00 00 
00 00 00 00 00 00 00 00 00 00 00 00 

00 aa 00 30 91 0d 00 04 75 8d 49 c7 08 00 45 10 
00 28 22 e8 40 00 40 06 4e 49 c0 a8 24 1e c0 a8 
24 20 00 17 04 25 97 cf 57 25 42 ac 8b 3a 50 10 
16 d0 0e 5e 00 00 00 00 00 00 00 00 

00 04 75 8d 49 c7 00 aa 00 30 91 09 08 00 45 00 
00 1c 05 0e 20 01 80 06 4c 3e c0 a8 24 20 c0 a8 
24 1e 00 00 00 00 00 00 00 00 00 00 00 00 00 00 
00 00 00 00 00 00 00 00 00 00 00 00 

00 04 75 8d 49 c7 00 aa 00 30 91 09 08 00 45 00 
00 24 05 0e 20 00 80 06 4c 37 c0 a8 24 20 c0 a8 
24 1e 04 25 00 17 42 ac 8b 3a 97 cf 57 25 50 18 
41 3e 00 00 00 00 00 00 00 00 00 00 

00 04 75 8d 49 c7 00 aa 00 30 91 09 08 00 45 00 
00 19 05 0e 00 02 80 06 6c 40 c0 a8 24 20 c0 a8 
24 1e 70 e6 00 00 73 00 00 00 00 00 00 00 00 00 
00 00 00 00 00 00 00 00 00 00 00 00 

00 aa 00 30 91 0d 00 04 75 8d 49 c7 08 00 45 10 
00 28 22 e9 40 00 40 06 4e 48 c0 a8 24 1e c0 a8 
24 20 00 17 04 25 97 cf 57 25 42 ac 8b 3b 50 10 
16 d0 0e 5d 00 00 00 00 00 00 00 00 

00 04 75 8d 49 c7 00 aa 00 30 91 09 08 00 45 00 
00 1c 05 0f 20 01 80 06 4c 3d c0 a8 24 20 c0 a8 
24 1e 00 00 00 00 00 00 00 00 00 00 00 00 00 00 
00 00 00 00 00 00 00 00 00 00 00 00 

00 04 75 8d 49 c7 00 aa 00 30 91 09 08 00 45 00 
00 24 05 0f 20 00 80 06 4c 36 c0 a8 24 20 c0 a8 
24 1e 04 25 00 17 42 ac 8b 3b 97 cf 57 25 50 18 
41 3e 00 00 00 00 00 00 00 00 00 00 

00 04 75 8d 49 c7 00 aa 00 30 91 09 08 00 45 00 
00 19 05 0f 00 02 80 06 6c 3f c0 a8 24 20 c0 a8 
24 1e c3 e5 00 00 20 00 00 00 00 00 00 00 00 00 
00 00 00 00 00 00 00 00 00 00 00 00 

00 aa 00 30 91 0d 00 04 75 8d 49 c7 08 00 45 10 
00 28 22 ea 40 00 40 06 4e 47 c0 a8 24 1e c0 a8 
24 20 00 17 04 25 97 cf 57 25 42 ac 8b 3c 50 10 
16 d0 0e 5c 00 00 00 00 00 00 00 00 

00 04 75 8d 49 c7 00 aa 00 30 91 09 08 00 45 00 
00 1c 05 10 20 01 80 06 4c 3c c0 a8 24 20 c0 a8 
24 1e 00 00 00 00 00 00 00 00 00 00 00 00 00 00 
00 00 00 00 00 00 00 00 00 00 00 00 

00 04 75 8d 49 c7 00 aa 00 30 91 09 08 00 45 00 
00 24 05 10 20 00 80 06 4c 35 c0 a8 24 20 c0 a8 
24 1e 04 25 00 17 42 ac 8b 3c 97 cf 57 25 50 18 
41 3e 00 00 00 00 00 00 00 00 00 00 

00 04 75 8d 49 c7 00 aa 00 30 91 09 08 00 45 00 
00 19 05 10 00 02 80 06 6c 3e c0 a8 24 20 c0 a8 
24 1e 6f e4 00 00 74 00 00 00 00 00 00 00 00 00 
00 00 00 00 00 00 00 00 00 00 00 00 

00 aa 00 30 91 0d 00 04 75 8d 49 c7 08 00 45 10 
00 28 22 eb 40 00 40 06 4e 46 c0 a8 24 1e c0 a8 
24 20 00 17 04 25 97 cf 57 25 42 ac 8b 3d 50 10 
16 d0 0e 5b 00 00 00 00 00 00 00 00 

00 04 75 8d 49 c7 00 aa 00 30 91 09 08 00 45 00 
00 1c 05 11 20 01 80 06 4c 3b c0 a8 24 20 c0 a8 
24 1e 00 00 00 00 00 00 00 00 00 00 00 00 00 00 
00 00 00 00 00 00 00 00 00 00 00 00 

00 04 75 8d 49 c7 00 aa 00 30 91 09 08 00 45 00 
00 24 05 11 20 00 80 06 4c 34 c0 a8 24 20 c0 a8 
24 1e 04 25 00 17 42 ac 8b 3d 97 cf 57 25 50 18 
41 3e 00 00 00 00 00 00 00 00 00 00 

00 04 75 8d 49 c7 00 aa 00 30 91 09 08 00 45 00 
00 19 05 11 00 02 80 06 6c 3d c0 a8 24 20 c0 a8 
24 1e 7b e3 00 00 68 00 00 00 00 00 00 00 00 00 
00 00 00 00 00 00 00 00 00 00 00 00 

00 aa 00 30 91 0d 00 04 75 8d 49 c7 08 00 45 10 
00 28 22 ec 40 00 40 06 4e 45 c0 a8 24 1e c0 a8 
24 20 00 17 04 25 97 cf 57 25 42 ac 8b 3e 50 10 
16 d0 0e 5a 00 00 00 00 00 00 00 00 

00 04 75 8d 49 c7 00 aa 00 30 91 09 08 00 45 00 
00 1c 05 12 20 01 80 06 4c 3a c0 a8 24 20 c0 a8 
24 1e 00 00 00 00 00 00 00 00 00 00 00 00 00 00 
00 00 00 00 00 00 00 00 00 00 00 00 

00 04 75 8d 49 c7 00 aa 00 30 91 09 08 00 45 00 
00 24 05 12 20 00 80 06 4c 33 c0 a8 24 20 c0 a8 
24 1e 04 25 00 17 42 ac 8b 3e 97 cf 57 25 50 18 
41 3e 00 00 00 00 00 00 00 00 00 00 

00 04 75 8d 49 c7 00 aa 00 30 91 09 08 00 45 00 
00 19 05 12 00 02 80 06 6c 3c c0 a8 24 20 c0 a8 
24 1e 7a e2 00 00 69 00 00 00 00 00 00 00 00 00 
00 00 00 00 00 00 00 00 00 00 00 00 

00 aa 00 30 91 0d 00 04 75 8d 49 c7 08 00 45 10 
00 28 22 ed 40 00 40 06 4e 44 c0 a8 24 1e c0 a8 
24 20 00 17 04 25 97 cf 57 25 42 ac 8b 3f 50 10 
16 d0 0e 59 00 00 00 00 00 00 00 00 

00 04 75 8d 49 c7 00 aa 00 30 91 09 08 00 45 00 
00 1c 05 13 20 01 80 06 4c 39 c0 a8 24 20 c0 a8 
24 1e 00 00 00 00 00 00 00 00 00 00 00 00 00 00 
00 00 00 00 00 00 00 00 00 00 00 00 

00 04 75 8d 49 c7 00 aa 00 30 91 09 08 00 45 00 
00 24 05 13 20 00 80 06 4c 32 c0 a8 24 20 c0 a8 
24 1e 04 25 00 17 42 ac 8b 3f 97 cf 57 25 50 18 
41 3e 00 00 00 00 00 00 00 00 00 00 

00 04 75 8d 49 c7 00 aa 00 30 91 09 08 00 45 00 
00 19 05 13 00 02 80 06 6c 3b c0 a8 24 20 c0 a8 
24 1e 70 e1 00 00 73 00 00 00 00 00 00 00 00 00 
00 00 00 00 00 00 00 00 00 00 00 00 

00 aa 00 30 91 0d 00 04 75 8d 49 c7 08 00 45 10 
00 28 22 ee 40 00 40 06 4e 43 c0 a8 24 1e c0 a8 
24 20 00 17 04 25 97 cf 57 25 42 ac 8b 40 50 10 
16 d0 0e 58 00 00 00 00 00 00 00 00 

00 04 75 8d 49 c7 00 aa 00 30 91 09 08 00 45 00 
00 1c 05 14 20 01 80 06 4c 38 c0 a8 24 20 c0 a8 
24 1e 00 00 00 00 00 00 00 00 00 00 00 00 00 00 
00 00 00 00 00 00 00 00 00 00 00 00 

00 04 75 8d 49 c7 00 aa 00 30 91 09 08 00 45 00 
00 24 05 14 20 00 80 06 4c 31 c0 a8 24 20 c0 a8 
24 1e 04 25 00 17 42 ac 8b 40 97 cf 57 25 50 18 
41 3e 00 00 00 00 00 00 00 00 00 00 

00 04 75 8d 49 c7 00 aa 00 30 91 09 08 00 45 00 
00 1a 05 14 00 02 80 06 6c 39 c0 a8 24 20 c0 a8 
24 1e d6 d5 00 00 0d 0a 00 00 00 00 00 00 00 00 
00 00 00 00 00 00 00 00 00 00 00 00 

00 aa 00 30 91 0d 00 04 75 8d 49 c7 08 00 45 10 
00 28 22 ef 40 00 40 06 4e 42 c0 a8 24 1e c0 a8 
24 20 00 17 04 25 97 cf 57 25 42 ac 8b 42 50 10 
16 d0 0e 56 00 00 00 00 00 00 00 00 

00 aa 00 30 91 0d 00 04 75 8d 49 c7 08 00 45 10 
00 2a 22 f0 40 00 40 06 4e 3f c0 a8 24 1e c0 a8 
24 20 00 17 04 25 97 cf 57 25 42 ac 8b 42 50 18 
16 d0 01 42 00 00 0d 0a 6d 6d 6d 6d 

00 04 75 8d 49 c7 00 aa 00 30 91 09 08 00 45 00 
00 1c 05 15 20 01 80 06 4c 37 c0 a8 24 20 c0 a8 
24 1e 00 00 00 00 00 00 00 00 00 00 00 00 00 00 
00 00 00 00 00 00 00 00 00 00 00 00 

00 04 75 8d 49 c7 00 aa 00 30 91 09 08 00 45 00 
00 24 05 15 20 00 80 06 4c 30 c0 a8 24 20 c0 a8 
24 1e 04 25 00 17 42 ac 8b 42 97 cf 57 27 50 10 
41 3c 00 00 00 00 00 00 00 00 00 00 

00 04 75 8d 49 c7 00 aa 00 30 91 09 08 00 45 00 
00 18 05 15 00 02 80 06 6c 3a c0 a8 24 20 c0 a8 
24 1e e3 e7 00 00 00 00 00 00 00 00 00 00 00 00 
00 00 00 00 00 00 00 00 00 00 00 00 

00 aa 00 30 91 0d 00 04 75 8d 49 c7 08 00 45 10 
00 3b 22 f1 40 00 40 06 4e 2d c0 a8 24 1e c0 a8 
24 20 00 17 04 25 97 cf 57 27 42 ac 8b 42 50 18 
16 d0 bf 71 00 00 4c 6f 67 69 6e 20 69 6e 63 6f 
72 72 65 63 74 0d 0a 0d 0a 

00 04 75 8d 49 c7 00 aa 00 30 91 09 08 00 45 00 
00 1c 05 16 20 01 80 06 4c 36 c0 a8 24 20 c0 a8 
24 1e 00 00 00 00 00 00 00 00 00 00 00 00 00 00 
00 00 00 00 00 00 00 00 00 00 00 00 

00 04 75 8d 49 c7 00 aa 00 30 91 09 08 00 45 00 
00 24 05 16 20 00 80 06 4c 2f c0 a8 24 20 c0 a8 
24 1e 04 25 00 17 42 ac 8b 42 97 cf 57 3a 50 10 
41 29 00 00 00 00 00 00 00 00 00 00 

00 04 75 8d 49 c7 00 aa 00 30 91 09 08 00 45 00 
00 18 05 16 00 02 80 06 6c 39 c0 a8 24 20 c0 a8 
24 1e e3 e7 00 00 00 00 00 00 00 00 00 00 00 00 
00 00 00 00 00 00 00 00 00 00 00 00 

00 aa 00 30 91 0d 00 04 75 8d 49 c7 08 00 45 10 
00 2f 22 f2 40 00 40 06 4e 38 c0 a8 24 1e c0 a8 
24 20 00 17 04 25 97 cf 57 3a 42 ac 8b 42 50 18 
16 d0 ac 1e 00 00 6c 6f 67 69 6e 3a 20 

00 04 75 8d 49 c7 00 aa 00 30 91 09 08 00 45 00 
00 1c 05 17 20 01 80 06 4c 35 c0 a8 24 20 c0 a8 
24 1e 00 00 00 00 00 00 00 00 00 00 00 00 00 00 
00 00 00 00 00 00 00 00 00 00 00 00 

00 04 75 8d 49 c7 00 aa 00 30 91 09 08 00 45 00 
00 24 05 17 20 00 80 06 4c 2e c0 a8 24 20 c0 a8 
24 1e 04 25 00 17 42 ac 8b 42 97 cf 57 41 50 10 
41 22 00 00 00 00 00 00 00 00 00 00 

00 04 75 8d 49 c7 00 aa 00 30 91 09 08 00 45 00 
00 18 05 17 00 02 80 06 6c 38 c0 a8 24 20 c0 a8 
24 1e e3 e7 00 00 00 00 00 00 00 00 00 00 00 00 
00 00 00 00 00 00 00 00 00 00 00 00 

00 04 75 8d 49 c7 00 aa 00 30 91 09 08 00 45 00 
00 1c 05 18 20 01 80 06 4c 34 c0 a8 24 20 c0 a8 
24 1e 00 00 00 00 00 00 00 00 00 00 00 00 00 00 
00 00 00 00 00 00 00 00 00 00 00 00 

00 04 75 8d 49 c7 00 aa 00 30 91 09 08 00 45 00 
00 24 05 18 20 00 80 06 4c 2d c0 a8 24 20 c0 a8 
24 1e 04 25 00 17 42 ac 8b 42 97 cf 57 41 50 18 
41 22 00 00 00 00 00 00 00 00 00 00 

00 04 75 8d 49 c7 00 aa 00 30 91 09 08 00 45 00 
00 19 05 18 00 02 80 06 6c 36 c0 a8 24 20 c0 a8 
24 1e 82 de 00 00 61 00 00 00 00 00 00 00 00 00 
00 00 00 00 00 00 00 00 00 00 00 00 

00 aa 00 30 91 0d 00 04 75 8d 49 c7 08 00 45 10 
00 29 22 f3 40 00 40 06 4e 3d c0 a8 24 1e c0 a8 
24 20 00 17 04 25 97 cf 57 41 42 ac 8b 43 50 18 
16 d0 ad 2f 00 00 61 00 00 00 00 00 

00 04 75 8d 49 c7 00 aa 00 30 91 09 08 00 45 00 
00 1c 05 19 20 01 80 06 4c 33 c0 a8 24 20 c0 a8 
24 1e 00 00 00 00 00 00 00 00 00 00 00 00 00 00 
00 00 00 00 00 00 00 00 00 00 00 00 

00 04 75 8d 49 c7 00 aa 00 30 91 09 08 00 45 00 
00 24 05 19 20 00 80 06 4c 2c c0 a8 24 20 c0 a8 
24 1e 04 25 00 17 42 ac 8b 43 97 cf 57 42 50 10 
41 21 00 00 00 00 00 00 00 00 00 00 

00 04 75 8d 49 c7 00 aa 00 30 91 09 08 00 45 00 
00 18 05 19 00 02 80 06 6c 36 c0 a8 24 20 c0 a8 
24 1e e3 e6 00 00 00 00 00 00 00 00 00 00 00 00 
00 00 00 00 00 00 00 00 00 00 00 00 

00 04 75 8d 49 c7 00 aa 00 30 91 09 08 00 45 00 
00 1c 05 1a 20 01 80 06 4c 32 c0 a8 24 20 c0 a8 
24 1e 00 00 00 00 00 00 00 00 00 00 00 00 00 00 
00 00 00 00 00 00 00 00 00 00 00 00 

00 04 75 8d 49 c7 00 aa 00 30 91 09 08 00 45 00 
00 24 05 1a 20 00 80 06 4c 2b c0 a8 24 20 c0 a8 
24 1e 04 25 00 17 42 ac 8b 43 97 cf 57 42 50 18 
41 21 00 00 00 00 00 00 00 00 00 00 

00 04 75 8d 49 c7 00 aa 00 30 91 09 08 00 45 00 
00 19 05 1a 00 02 80 06 6c 34 c0 a8 24 20 c0 a8 
24 1e 75 dd 00 00 6e 00 00 00 00 00 00 00 00 00 
00 00 00 00 00 00 00 00 00 00 00 00 

00 aa 00 30 91 0d 00 04 75 8d 49 c7 08 00 45 10 
00 29 22 f4 40 00 40 06 4e 3c c0 a8 24 1e c0 a8 
24 20 00 17 04 25 97 cf 57 42 42 ac 8b 44 50 18 
16 d0 a0 2d 00 00 6e 00 00 00 00 00 

00 04 75 8d 49 c7 00 aa 00 30 91 09 08 00 45 00 
00 1c 05 1b 20 01 80 06 4c 31 c0 a8 24 20 c0 a8 
24 1e 00 00 00 00 00 00 00 00 00 00 00 00 00 00 
00 00 00 00 00 00 00 00 00 00 00 00 

00 04 75 8d 49 c7 00 aa 00 30 91 09 08 00 45 00 
00 24 05 1b 20 00 80 06 4c 2a c0 a8 24 20 c0 a8 
24 1e 04 25 00 17 42 ac 8b 44 97 cf 57 43 50 18 
41 20 00 00 00 00 00 00 00 00 00 00 

00 04 75 8d 49 c7 00 aa 00 30 91 09 08 00 45 00 
00 19 05 1b 00 02 80 06 6c 33 c0 a8 24 20 c0 a8 
24 1e 75 dc 00 00 6e 00 00 00 00 00 00 00 00 00 
00 00 00 00 00 00 00 00 00 00 00 00 

00 aa 00 30 91 0d 00 04 75 8d 49 c7 08 00 45 10 
00 29 22 f5 40 00 40 06 4e 3b c0 a8 24 1e c0 a8 
24 20 00 17 04 25 97 cf 57 43 42 ac 8b 45 50 18 
16 d0 a0 2b 00 00 6e 00 00 00 00 00 

00 04 75 8d 49 c7 00 aa 00 30 91 09 08 00 45 00 
00 1c 05 1c 20 01 80 06 4c 30 c0 a8 24 20 c0 a8 
24 1e 00 00 00 00 00 00 00 00 00 00 00 00 00 00 
00 00 00 00 00 00 00 00 00 00 00 00 

00 04 75 8d 49 c7 00 aa 00 30 91 09 08 00 45 00 
00 24 05 1c 20 00 80 06 4c 29 c0 a8 24 20 c0 a8 
24 1e 04 25 00 17 42 ac 8b 45 97 cf 57 44 50 10 
41 1f 00 00 00 00 00 00 00 00 00 00 

00 04 75 8d 49 c7 00 aa 00 30 91 09 08 00 45 00 
00 18 05 1c 00 02 80 06 6c 33 c0 a8 24 20 c0 a8 
24 1e e3 e4 00 00 00 00 00 00 00 00 00 00 00 00 
00 00 00 00 00 00 00 00 00 00 00 00 

00 04 75 8d 49 c7 00 aa 00 30 91 09 08 00 45 00 
00 1c 05 1d 20 01 80 06 4c 2f c0 a8 24 20 c0 a8 
24 1e 00 00 00 00 00 00 00 00 00 00 00 00 00 00 
00 00 00 00 00 00 00 00 00 00 00 00 

00 04 75 8d 49 c7 00 aa 00 30 91 09 08 00 45 00 
00 24 05 1d 20 00 80 06 4c 28 c0 a8 24 20 c0 a8 
24 1e 04 25 00 17 42 ac 8b 45 97 cf 57 44 50 18 
41 1f 00 00 00 00 00 00 00 00 00 00 

00 04 75 8d 49 c7 00 aa 00 30 91 09 08 00 45 00 
00 19 05 1d 00 02 80 06 6c 31 c0 a8 24 20 c0 a8 
24 1e 74 db 00 00 6f 00 00 00 00 00 00 00 00 00 
00 00 00 00 00 00 00 00 00 00 00 00 

00 aa 00 30 91 0d 00 04 75 8d 49 c7 08 00 45 10 
00 29 22 f6 40 00 40 06 4e 3a c0 a8 24 1e c0 a8 
24 20 00 17 04 25 97 cf 57 44 42 ac 8b 46 50 18 
16 d0 9f 29 00 00 6f 00 00 00 00 00 

00 04 75 8d 49 c7 00 aa 00 30 91 09 08 00 45 00 
00 1c 05 1e 20 01 80 06 4c 2e c0 a8 24 20 c0 a8 
24 1e 00 00 00 00 00 00 00 00 00 00 00 00 00 00 
00 00 00 00 00 00 00 00 00 00 00 00 

00 04 75 8d 49 c7 00 aa 00 30 91 09 08 00 45 00 
00 24 05 1e 20 00 80 06 4c 27 c0 a8 24 20 c0 a8 
24 1e 04 25 00 17 42 ac 8b 46 97 cf 57 45 50 10 
41 1e 00 00 00 00 00 00 00 00 00 00 

00 04 75 8d 49 c7 00 aa 00 30 91 09 08 00 45 00 
00 18 05 1e 00 02 80 06 6c 31 c0 a8 24 20 c0 a8 
24 1e e3 e3 00 00 00 00 00 00 00 00 00 00 00 00 
00 00 00 00 00 00 00 00 00 00 00 00 

00 04 75 8d 49 c7 00 aa 00 30 91 09 08 00 45 00 
00 1c 05 1f 20 01 80 06 4c 2d c0 a8 24 20 c0 a8 
24 1e 00 00 00 00 00 00 00 00 00 00 00 00 00 00 
00 00 00 00 00 00 00 00 00 00 00 00 

00 04 75 8d 49 c7 00 aa 00 30 91 09 08 00 45 00 
00 24 05 1f 20 00 80 06 4c 26 c0 a8 24 20 c0 a8 
24 1e 04 25 00 17 42 ac 8b 46 97 cf 57 45 50 18 
41 1e 00 00 00 00 00 00 00 00 00 00 

00 04 75 8d 49 c7 00 aa 00 30 91 09 08 00 45 00 
00 19 05 1f 00 02 80 06 6c 2f c0 a8 24 20 c0 a8 
24 1e 76 da 00 00 6d 00 00 00 00 00 00 00 00 00 
00 00 00 00 00 00 00 00 00 00 00 00 

00 aa 00 30 91 0d 00 04 75 8d 49 c7 08 00 45 10 
00 29 22 f7 40 00 40 06 4e 39 c0 a8 24 1e c0 a8 
24 20 00 17 04 25 97 cf 57 45 42 ac 8b 47 50 18 
16 d0 a1 27 00 00 6d 00 00 00 00 00 

00 04 75 8d 49 c7 00 aa 00 30 91 09 08 00 45 00 
00 1c 05 20 20 01 80 06 4c 2c c0 a8 24 20 c0 a8 
24 1e 00 00 00 00 00 00 00 00 00 00 00 00 00 00 
00 00 00 00 00 00 00 00 00 00 00 00 

00 04 75 8d 49 c7 00 aa 00 30 91 09 08 00 45 00 
00 24 05 20 20 00 80 06 4c 25 c0 a8 24 20 c0 a8 
24 1e 04 25 00 17 42 ac 8b 47 97 cf 57 46 50 10 
41 1d 00 00 00 00 00 00 00 00 00 00 

00 04 75 8d 49 c7 00 aa 00 30 91 09 08 00 45 00 
00 18 05 20 00 02 80 06 6c 2f c0 a8 24 20 c0 a8 
24 1e e3 e2 00 00 00 00 00 00 00 00 00 00 00 00 
00 00 00 00 00 00 00 00 00 00 00 00 

00 04 75 8d 49 c7 00 aa 00 30 91 09 08 00 45 00 
00 1c 05 21 20 01 80 06 4c 2b c0 a8 24 20 c0 a8 
24 1e 00 00 00 00 00 00 00 00 00 00 00 00 00 00 
00 00 00 00 00 00 00 00 00 00 00 00 

00 04 75 8d 49 c7 00 aa 00 30 91 09 08 00 45 00 
00 24 05 21 20 00 80 06 4c 24 c0 a8 24 20 c0 a8 
24 1e 04 25 00 17 42 ac 8b 47 97 cf 57 46 50 18 
41 1d 00 00 00 00 00 00 00 00 00 00 

00 04 75 8d 49 c7 00 aa 00 30 91 09 08 00 45 00 
00 19 05 21 00 02 80 06 6c 2d c0 a8 24 20 c0 a8 
24 1e 74 d9 00 00 6f 00 00 00 00 00 00 00 00 00 
00 00 00 00 00 00 00 00 00 00 00 00 

00 aa 00 30 91 0d 00 04 75 8d 49 c7 08 00 45 10 
00 29 22 f8 40 00 40 06 4e 38 c0 a8 24 1e c0 a8 
24 20 00 17 04 25 97 cf 57 46 42 ac 8b 48 50 18 
16 d0 9f 25 00 00 6f 00 00 00 00 00 

00 04 75 8d 49 c7 00 aa 00 30 91 09 08 00 45 00 
00 1c 05 22 20 01 80 06 4c 2a c0 a8 24 20 c0 a8 
24 1e 00 00 00 00 00 00 00 00 00 00 00 00 00 00 
00 00 00 00 00 00 00 00 00 00 00 00 

00 04 75 8d 49 c7 00 aa 00 30 91 09 08 00 45 00 
00 24 05 22 20 00 80 06 4c 23 c0 a8 24 20 c0 a8 
24 1e 04 25 00 17 42 ac 8b 48 97 cf 57 47 50 18 
41 1c 00 00 00 00 00 00 00 00 00 00 

00 04 75 8d 49 c7 00 aa 00 30 91 09 08 00 45 00 
00 19 05 22 00 02 80 06 6c 2c c0 a8 24 20 c0 a8 
24 1e 6e d8 00 00 75 00 00 00 00 00 00 00 00 00 
00 00 00 00 00 00 00 00 00 00 00 00 

00 aa 00 30 91 0d 00 04 75 8d 49 c7 08 00 45 10 
00 29 22 f9 40 00 40 06 4e 37 c0 a8 24 1e c0 a8 
24 20 00 17 04 25 97 cf 57 47 42 ac 8b 49 50 18 
16 d0 99 23 00 00 75 00 00 00 00 00 

00 04 75 8d 49 c7 00 aa 00 30 91 09 08 00 45 00 
00 1c 05 23 20 01 80 06 4c 29 c0 a8 24 20 c0 a8 
24 1e 00 00 00 00 00 00 00 00 00 00 00 00 00 00 
00 00 00 00 00 00 00 00 00 00 00 00 

00 04 75 8d 49 c7 00 aa 00 30 91 09 08 00 45 00 
00 24 05 23 20 00 80 06 4c 22 c0 a8 24 20 c0 a8 
24 1e 04 25 00 17 42 ac 8b 49 97 cf 57 48 50 18 
41 1b 00 00 00 00 00 00 00 00 00 00 

00 04 75 8d 49 c7 00 aa 00 30 91 09 08 00 45 00 
00 19 05 23 00 02 80 06 6c 2b c0 a8 24 20 c0 a8 
24 1e 6a d7 00 00 79 00 00 00 00 00 00 00 00 00 
00 00 00 00 00 00 00 00 00 00 00 00 

00 aa 00 30 91 0d 00 04 75 8d 49 c7 08 00 45 10 
00 29 22 fa 40 00 40 06 4e 36 c0 a8 24 1e c0 a8 
24 20 00 17 04 25 97 cf 57 48 42 ac 8b 4a 50 18 
16 d0 95 21 00 00 79 00 00 00 00 00 

00 04 75 8d 49 c7 00 aa 00 30 91 09 08 00 45 00 
00 1c 05 24 20 01 80 06 4c 28 c0 a8 24 20 c0 a8 
24 1e 00 00 00 00 00 00 00 00 00 00 00 00 00 00 
00 00 00 00 00 00 00 00 00 00 00 00 

00 04 75 8d 49 c7 00 aa 00 30 91 09 08 00 45 00 
00 24 05 24 20 00 80 06 4c 21 c0 a8 24 20 c0 a8 
24 1e 04 25 00 17 42 ac 8b 4a 97 cf 57 49 50 10 
41 1a 00 00 00 00 00 00 00 00 00 00 

00 04 75 8d 49 c7 00 aa 00 30 91 09 08 00 45 00 
00 18 05 24 00 02 80 06 6c 2b c0 a8 24 20 c0 a8 
24 1e e3 df 00 00 00 00 00 00 00 00 00 00 00 00 
00 00 00 00 00 00 00 00 00 00 00 00 

00 04 75 8d 49 c7 00 aa 00 30 91 09 08 00 45 00 
00 1c 05 25 20 01 80 06 4c 27 c0 a8 24 20 c0 a8 
24 1e 00 00 00 00 00 00 00 00 00 00 00 00 00 00 
00 00 00 00 00 00 00 00 00 00 00 00 

00 04 75 8d 49 c7 00 aa 00 30 91 09 08 00 45 00 
00 24 05 25 20 00 80 06 4c 20 c0 a8 24 20 c0 a8 
24 1e 04 25 00 17 42 ac 8b 4a 97 cf 57 49 50 18 
41 1a 00 00 00 00 00 00 00 00 00 00 

00 04 75 8d 49 c7 00 aa 00 30 91 09 08 00 45 00 
00 19 05 25 00 02 80 06 6c 29 c0 a8 24 20 c0 a8 
24 1e 70 d6 00 00 73 00 00 00 00 00 00 00 00 00 
00 00 00 00 00 00 00 00 00 00 00 00 

00 aa 00 30 91 0d 00 04 75 8d 49 c7 08 00 45 10 
00 29 22 fb 40 00 40 06 4e 35 c0 a8 24 1e c0 a8 
24 20 00 17 04 25 97 cf 57 49 42 ac 8b 4b 50 18 
16 d0 9b 1f 00 00 73 00 00 00 00 00 

00 04 75 8d 49 c7 00 aa 00 30 91 09 08 00 45 00 
00 1c 05 26 20 01 80 06 4c 26 c0 a8 24 20 c0 a8 
24 1e 00 00 00 00 00 00 00 00 00 00 00 00 00 00 
00 00 00 00 00 00 00 00 00 00 00 00 

00 04 75 8d 49 c7 00 aa 00 30 91 09 08 00 45 00 
00 24 05 26 20 00 80 06 4c 1f c0 a8 24 20 c0 a8 
24 1e 04 25 00 17 42 ac 8b 4b 97 cf 57 4a 50 10 
41 19 00 00 00 00 00 00 00 00 00 00 

00 04 75 8d 49 c7 00 aa 00 30 91 09 08 00 45 00 
00 18 05 26 00 02 80 06 6c 29 c0 a8 24 20 c0 a8 
24 1e e3 de 00 00 00 00 00 00 00 00 00 00 00 00 
00 00 00 00 00 00 00 00 00 00 00 00 

00 04 75 8d 49 c7 00 aa 00 30 91 09 08 00 45 00 
00 1c 05 27 20 01 80 06 4c 25 c0 a8 24 20 c0 a8 
24 1e 00 00 00 00 00 00 00 00 00 00 00 00 00 00 
00 00 00 00 00 00 00 00 00 00 00 00 

00 04 75 8d 49 c7 00 aa 00 30 91 09 08 00 45 00 
00 24 05 27 20 00 80 06 4c 1e c0 a8 24 20 c0 a8 
24 1e 04 25 00 17 42 ac 8b 4b 97 cf 57 4a 50 18 
41 19 00 00 00 00 00 00 00 00 00 00 

00 04 75 8d 49 c7 00 aa 00 30 91 09 08 00 45 00 
00 1a 05 27 00 02 80 06 6c 26 c0 a8 24 20 c0 a8 
24 1e d6 ca 00 00 0d 0a 00 00 00 00 00 00 00 00 
00 00 00 00 00 00 00 00 00 00 00 00 

00 aa 00 30 91 0d 00 04 75 8d 49 c7 08 00 45 10 
00 2a 22 fc 40 00 40 06 4e 33 c0 a8 24 1e c0 a8 
24 20 00 17 04 25 97 cf 57 4a 42 ac 8b 4d 50 18 
16 d0 01 12 00 00 0d 0a 24 24 24 24 

00 04 75 8d 49 c7 00 aa 00 30 91 09 08 00 45 00 
00 1c 05 28 20 01 80 06 4c 24 c0 a8 24 20 c0 a8 
24 1e 00 00 00 00 00 00 00 00 00 00 00 00 00 00 
00 00 00 00 00 00 00 00 00 00 00 00 

00 04 75 8d 49 c7 00 aa 00 30 91 09 08 00 45 00 
00 24 05 28 20 00 80 06 4c 1d c0 a8 24 20 c0 a8 
24 1e 04 25 00 17 42 ac 8b 4d 97 cf 57 4c 50 10 
41 17 00 00 00 00 00 00 00 00 00 00 

00 04 75 8d 49 c7 00 aa 00 30 91 09 08 00 45 00 
00 18 05 28 00 02 80 06 6c 27 c0 a8 24 20 c0 a8 
24 1e e3 dc 00 00 00 00 00 00 00 00 00 00 00 00 
00 00 00 00 00 00 00 00 00 00 00 00 

00 aa 00 30 91 0d 00 04 75 8d 49 c7 08 00 45 10 
00 32 22 fd 40 00 40 06 4e 2a c0 a8 24 1e c0 a8 
24 20 00 17 04 25 97 cf 57 4c 42 ac 8b 4d 50 18 
16 d0 26 49 00 00 50 61 73 73 77 6f 72 64 3a 20 


00 04 75 8d 49 c7 00 aa 00 30 91 09 08 00 45 00 
00 1c 05 29 20 01 80 06 4c 23 c0 a8 24 20 c0 a8 
24 1e 00 00 00 00 00 00 00 00 00 00 00 00 00 00 
00 00 00 00 00 00 00 00 00 00 00 00 

00 04 75 8d 49 c7 00 aa 00 30 91 09 08 00 45 00 
00 24 05 29 20 00 80 06 4c 1c c0 a8 24 20 c0 a8 
24 1e 04 25 00 17 42 ac 8b 4d 97 cf 57 56 50 10 
41 0d 00 00 00 00 00 00 00 00 00 00 

00 04 75 8d 49 c7 00 aa 00 30 91 09 08 00 45 00 
00 18 05 29 00 02 80 06 6c 26 c0 a8 24 20 c0 a8 
24 1e e3 dc 00 00 00 00 00 00 00 00 00 00 00 00 
00 00 00 00 00 00 00 00 00 00 00 00 

00 04 75 8d 49 c7 00 aa 00 30 91 09 08 00 45 00 
00 1c 05 2a 20 01 80 06 4c 22 c0 a8 24 20 c0 a8 
24 1e 00 00 00 00 00 00 00 00 00 00 00 00 00 00 
00 00 00 00 00 00 00 00 00 00 00 00 

00 04 75 8d 49 c7 00 aa 00 30 91 09 08 00 45 00 
00 24 05 2a 20 00 80 06 4c 1b c0 a8 24 20 c0 a8 
24 1e 04 25 00 17 42 ac 8b 4d 97 cf 57 56 50 18 
41 0d 00 00 00 00 00 00 00 00 00 00 

00 04 75 8d 49 c7 00 aa 00 30 91 09 08 00 45 00 
00 19 05 2a 00 02 80 06 6c 24 c0 a8 24 20 c0 a8 
24 1e 73 d3 00 00 70 00 00 00 00 00 00 00 00 00 
00 00 00 00 00 00 00 00 00 00 00 00 

00 aa 00 30 91 0d 00 04 75 8d 49 c7 08 00 45 10 
00 28 22 fe 40 00 40 06 4e 33 c0 a8 24 1e c0 a8 
24 20 00 17 04 25 97 cf 57 56 42 ac 8b 4e 50 10 
16 d0 0e 19 00 00 00 00 00 00 00 00 

00 04 75 8d 49 c7 00 aa 00 30 91 09 08 00 45 00 
00 1c 05 2b 20 01 80 06 4c 21 c0 a8 24 20 c0 a8 
24 1e 00 00 00 00 00 00 00 00 00 00 00 00 00 00 
00 00 00 00 00 00 00 00 00 00 00 00 

00 04 75 8d 49 c7 00 aa 00 30 91 09 08 00 45 00 
00 24 05 2b 20 00 80 06 4c 1a c0 a8 24 20 c0 a8 
24 1e 04 25 00 17 42 ac 8b 4e 97 cf 57 56 50 18 
41 0d 00 00 00 00 00 00 00 00 00 00 

00 04 75 8d 49 c7 00 aa 00 30 91 09 08 00 45 00 
00 19 05 2b 00 02 80 06 6c 23 c0 a8 24 20 c0 a8 
24 1e 82 d2 00 00 61 00 00 00 00 00 00 00 00 00 
00 00 00 00 00 00 00 00 00 00 00 00 

00 aa 00 30 91 0d 00 04 75 8d 49 c7 08 00 45 10 
00 28 22 ff 40 00 40 06 4e 32 c0 a8 24 1e c0 a8 
24 20 00 17 04 25 97 cf 57 56 42 ac 8b 4f 50 10 
16 d0 0e 18 00 00 00 00 00 00 00 00 

00 04 75 8d 49 c7 00 aa 00 30 91 09 08 00 45 00 
00 1c 05 2c 20 01 80 06 4c 20 c0 a8 24 20 c0 a8 
24 1e 00 00 00 00 00 00 00 00 00 00 00 00 00 00 
00 00 00 00 00 00 00 00 00 00 00 00 

00 04 75 8d 49 c7 00 aa 00 30 91 09 08 00 45 00 
00 24 05 2c 20 00 80 06 4c 19 c0 a8 24 20 c0 a8 
24 1e 04 25 00 17 42 ac 8b 4f 97 cf 57 56 50 18 
41 0d 00 00 00 00 00 00 00 00 00 00 

00 04 75 8d 49 c7 00 aa 00 30 91 09 08 00 45 00 
00 19 05 2c 00 02 80 06 6c 22 c0 a8 24 20 c0 a8 
24 1e 70 d1 00 00 73 00 00 00 00 00 00 00 00 00 
00 00 00 00 00 00 00 00 00 00 00 00 

00 aa 00 30 91 0d 00 04 75 8d 49 c7 08 00 45 10 
00 28 23 00 40 00 40 06 4e 31 c0 a8 24 1e c0 a8 
24 20 00 17 04 25 97 cf 57 56 42 ac 8b 50 50 10 
16 d0 0e 17 00 00 00 00 00 00 00 00 

00 04 75 8d 49 c7 00 aa 00 30 91 09 08 00 45 00 
00 1c 05 2d 20 01 80 06 4c 1f c0 a8 24 20 c0 a8 
24 1e 00 00 00 00 00 00 00 00 00 00 00 00 00 00 
00 00 00 00 00 00 00 00 00 00 00 00 

00 04 75 8d 49 c7 00 aa 00 30 91 09 08 00 45 00 
00 24 05 2d 20 00 80 06 4c 18 c0 a8 24 20 c0 a8 
24 1e 04 25 00 17 42 ac 8b 50 97 cf 57 56 50 18 
41 0d 00 00 00 00 00 00 00 00 00 00 

00 04 75 8d 49 c7 00 aa 00 30 91 09 08 00 45 00 
00 19 05 2d 00 02 80 06 6c 21 c0 a8 24 20 c0 a8 
24 1e 70 d0 00 00 73 00 00 00 00 00 00 00 00 00 
00 00 00 00 00 00 00 00 00 00 00 00 

00 aa 00 30 91 0d 00 04 75 8d 49 c7 08 00 45 10 
00 28 23 01 40 00 40 06 4e 30 c0 a8 24 1e c0 a8 
24 20 00 17 04 25 97 cf 57 56 42 ac 8b 51 50 10 
16 d0 0e 16 00 00 00 00 00 00 00 00 

00 04 75 8d 49 c7 00 aa 00 30 91 09 08 00 45 00 
00 1c 05 2e 20 01 80 06 4c 1e c0 a8 24 20 c0 a8 
24 1e 00 00 00 00 00 00 00 00 00 00 00 00 00 00 
00 00 00 00 00 00 00 00 00 00 00 00 

00 04 75 8d 49 c7 00 aa 00 30 91 09 08 00 45 00 
00 24 05 2e 20 00 80 06 4c 17 c0 a8 24 20 c0 a8 
24 1e 04 25 00 17 42 ac 8b 51 97 cf 57 56 50 18 
41 0d 00 00 00 00 00 00 00 00 00 00 

00 04 75 8d 49 c7 00 aa 00 30 91 09 08 00 45 00 
00 19 05 2e 00 02 80 06 6c 20 c0 a8 24 20 c0 a8 
24 1e 6c cf 00 00 77 00 00 00 00 00 00 00 00 00 
00 00 00 00 00 00 00 00 00 00 00 00 

00 aa 00 30 91 0d 00 04 75 8d 49 c7 08 00 45 10 
00 28 23 02 40 00 40 06 4e 2f c0 a8 24 1e c0 a8 
24 20 00 17 04 25 97 cf 57 56 42 ac 8b 52 50 10 
16 d0 0e 15 00 00 00 00 00 00 00 00 

00 04 75 8d 49 c7 00 aa 00 30 91 09 08 00 45 00 
00 1c 05 2f 20 01 80 06 4c 1d c0 a8 24 20 c0 a8 
24 1e 00 00 00 00 00 00 00 00 00 00 00 00 00 00 
00 00 00 00 00 00 00 00 00 00 00 00 

00 04 75 8d 49 c7 00 aa 00 30 91 09 08 00 45 00 
00 24 05 2f 20 00 80 06 4c 16 c0 a8 24 20 c0 a8 
24 1e 04 25 00 17 42 ac 8b 52 97 cf 57 56 50 18 
41 0d 00 00 00 00 00 00 00 00 00 00 

00 04 75 8d 49 c7 00 aa 00 30 91 09 08 00 45 00 
00 19 05 2f 00 02 80 06 6c 1f c0 a8 24 20 c0 a8 
24 1e 74 ce 00 00 6f 00 00 00 00 00 00 00 00 00 
00 00 00 00 00 00 00 00 00 00 00 00 

00 aa 00 30 91 0d 00 04 75 8d 49 c7 08 00 45 10 
00 28 23 03 40 00 40 06 4e 2e c0 a8 24 1e c0 a8 
24 20 00 17 04 25 97 cf 57 56 42 ac 8b 53 50 10 
16 d0 0e 14 00 00 00 00 00 00 00 00 

00 04 75 8d 49 c7 00 aa 00 30 91 09 08 00 45 00 
00 1c 05 30 20 01 80 06 4c 1c c0 a8 24 20 c0 a8 
24 1e 00 00 00 00 00 00 00 00 00 00 00 00 00 00 
00 00 00 00 00 00 00 00 00 00 00 00 

00 04 75 8d 49 c7 00 aa 00 30 91 09 08 00 45 00 
00 24 05 30 20 00 80 06 4c 15 c0 a8 24 20 c0 a8 
24 1e 04 25 00 17 42 ac 8b 53 97 cf 57 56 50 18 
41 0d 00 00 00 00 00 00 00 00 00 00 

00 04 75 8d 49 c7 00 aa 00 30 91 09 08 00 45 00 
00 19 05 30 00 02 80 06 6c 1e c0 a8 24 20 c0 a8 
24 1e 71 cd 00 00 72 00 00 00 00 00 00 00 00 00 
00 00 00 00 00 00 00 00 00 00 00 00 

00 aa 00 30 91 0d 00 04 75 8d 49 c7 08 00 45 10 
00 28 23 04 40 00 40 06 4e 2d c0 a8 24 1e c0 a8 
24 20 00 17 04 25 97 cf 57 56 42 ac 8b 54 50 10 
16 d0 0e 13 00 00 00 00 00 00 00 00 

00 04 75 8d 49 c7 00 aa 00 30 91 09 08 00 45 00 
00 1c 05 31 20 01 80 06 4c 1b c0 a8 24 20 c0 a8 
24 1e 00 00 00 00 00 00 00 00 00 00 00 00 00 00 
00 00 00 00 00 00 00 00 00 00 00 00 

00 04 75 8d 49 c7 00 aa 00 30 91 09 08 00 45 00 
00 24 05 31 20 00 80 06 4c 14 c0 a8 24 20 c0 a8 
24 1e 04 25 00 17 42 ac 8b 54 97 cf 57 56 50 18 
41 0d 00 00 00 00 00 00 00 00 00 00 

00 04 75 8d 49 c7 00 aa 00 30 91 09 08 00 45 00 
00 19 05 31 00 02 80 06 6c 1d c0 a8 24 20 c0 a8 
24 1e 7f cc 00 00 64 00 00 00 00 00 00 00 00 00 
00 00 00 00 00 00 00 00 00 00 00 00 

00 aa 00 30 91 0d 00 04 75 8d 49 c7 08 00 45 10 
00 28 23 05 40 00 40 06 4e 2c c0 a8 24 1e c0 a8 
24 20 00 17 04 25 97 cf 57 56 42 ac 8b 55 50 10 
16 d0 0e 12 00 00 00 00 00 00 00 00 

00 04 75 8d 49 c7 00 aa 00 30 91 09 08 00 45 00 
00 1c 05 32 20 01 80 06 4c 1a c0 a8 24 20 c0 a8 
24 1e 00 00 00 00 00 00 00 00 00 00 00 00 00 00 
00 00 00 00 00 00 00 00 00 00 00 00 

00 04 75 8d 49 c7 00 aa 00 30 91 09 08 00 45 00 
00 24 05 32 20 00 80 06 4c 13 c0 a8 24 20 c0 a8 
24 1e 04 25 00 17 42 ac 8b 55 97 cf 57 56 50 18 
41 0d 00 00 00 00 00 00 00 00 00 00 

00 04 75 8d 49 c7 00 aa 00 30 91 09 08 00 45 00 
00 1a 05 32 00 02 80 06 6c 1b c0 a8 24 20 c0 a8 
24 1e d6 c0 00 00 0d 0a 00 00 00 00 00 00 00 00 
00 00 00 00 00 00 00 00 00 00 00 00 

00 aa 00 30 91 0d 00 04 75 8d 49 c7 08 00 45 10 
00 28 23 06 40 00 40 06 4e 2b c0 a8 24 1e c0 a8 
24 20 00 17 04 25 97 cf 57 56 42 ac 8b 57 50 10 
16 d0 0e 10 00 00 00 00 00 00 00 00 

00 aa 00 30 91 0d 00 04 75 8d 49 c7 08 00 45 10 
00 2a 23 07 40 00 40 06 4e 28 c0 a8 24 1e c0 a8 
24 20 00 17 04 25 97 cf 57 56 42 ac 8b 57 50 18 
16 d0 00 fc 00 00 0d 0a 24 24 24 24 

00 04 75 8d 49 c7 00 aa 00 30 91 09 08 00 45 00 
00 1c 05 33 20 01 80 06 4c 19 c0 a8 24 20 c0 a8 
24 1e 00 00 00 00 00 00 00 00 00 00 00 00 00 00 
00 00 00 00 00 00 00 00 00 00 00 00 

00 04 75 8d 49 c7 00 aa 00 30 91 09 08 00 45 00 
00 24 05 33 20 00 80 06 4c 12 c0 a8 24 20 c0 a8 
24 1e 04 25 00 17 42 ac 8b 57 97 cf 57 58 50 10 
41 0b 00 00 00 00 00 00 00 00 00 00 

00 04 75 8d 49 c7 00 aa 00 30 91 09 08 00 45 00 
00 18 05 33 00 02 80 06 6c 1c c0 a8 24 20 c0 a8 
24 1e e3 d2 00 00 00 00 00 00 00 00 00 00 00 00 
00 00 00 00 00 00 00 00 00 00 00 00 

00 aa 00 30 91 0d 00 04 75 8d 49 c7 08 00 45 10 
00 42 23 08 40 00 40 06 4e 0f c0 a8 24 1e c0 a8 
24 20 00 17 04 25 97 cf 57 58 42 ac 8b 57 50 18 
16 d0 ab c2 00 00 4c 6f 67 69 6e 20 69 6e 63 6f 
72 72 65 63 74 0d 0a 0d 0a 6c 6f 67 69 6e 3a 20 


00 04 75 8d 49 c7 00 aa 00 30 91 09 08 00 45 00 
00 1c 05 34 20 01 80 06 4c 18 c0 a8 24 20 c0 a8 
24 1e 00 00 00 00 00 00 00 00 00 00 00 00 00 00 
00 00 00 00 00 00 00 00 00 00 00 00 

00 04 75 8d 49 c7 00 aa 00 30 91 09 08 00 45 00 
00 24 05 34 20 00 80 06 4c 11 c0 a8 24 20 c0 a8 
24 1e 04 25 00 17 42 ac 8b 57 97 cf 57 72 50 10 
40 f1 00 00 00 00 00 00 00 00 00 00 

00 04 75 8d 49 c7 00 aa 00 30 91 09 08 00 45 00 
00 18 05 34 00 02 80 06 6c 1b c0 a8 24 20 c0 a8 
24 1e e3 d2 00 00 00 00 00 00 00 00 00 00 00 00 
00 00 00 00 00 00 00 00 00 00 00 00 

00 04 75 8d 49 c7 00 aa 00 30 91 09 08 00 45 00 
00 1c 05 35 20 01 80 06 4c 17 c0 a8 24 20 c0 a8 
24 1e 00 00 00 00 00 00 00 00 00 00 00 00 00 00 
00 00 00 00 00 00 00 00 00 00 00 00 

00 04 75 8d 49 c7 00 aa 00 30 91 09 08 00 45 00 
00 24 05 35 20 00 80 06 4c 10 c0 a8 24 20 c0 a8 
24 1e 04 25 00 17 42 ac 8b 57 97 cf 57 72 50 18 
40 f1 00 00 00 00 00 00 00 00 00 00 

00 04 75 8d 49 c7 00 aa 00 30 91 09 08 00 45 00 
00 19 05 35 00 02 80 06 6c 19 c0 a8 24 20 c0 a8 
24 1e 6f c9 00 00 74 00 00 00 00 00 00 00 00 00 
00 00 00 00 00 00 00 00 00 00 00 00 

00 aa 00 30 91 0d 00 04 75 8d 49 c7 08 00 45 10 
00 29 23 09 40 00 40 06 4e 27 c0 a8 24 1e c0 a8 
24 20 00 17 04 25 97 cf 57 72 42 ac 8b 58 50 18 
16 d0 99 e9 00 00 74 00 00 00 00 00 

00 04 75 8d 49 c7 00 aa 00 30 91 09 08 00 45 00 
00 1c 05 36 20 01 80 06 4c 16 c0 a8 24 20 c0 a8 
24 1e 00 00 00 00 00 00 00 00 00 00 00 00 00 00 
00 00 00 00 00 00 00 00 00 00 00 00 

00 04 75 8d 49 c7 00 aa 00 30 91 09 08 00 45 00 
00 24 05 36 20 00 80 06 4c 0f c0 a8 24 20 c0 a8 
24 1e 04 25 00 17 42 ac 8b 58 97 cf 57 73 50 10 
40 f0 00 00 00 00 00 00 00 00 00 00 

00 04 75 8d 49 c7 00 aa 00 30 91 09 08 00 45 00 
00 18 05 36 00 02 80 06 6c 19 c0 a8 24 20 c0 a8 
24 1e e3 d1 00 00 00 00 00 00 00 00 00 00 00 00 
00 00 00 00 00 00 00 00 00 00 00 00 

00 04 75 8d 49 c7 00 aa 00 30 91 09 08 00 45 00 
00 1c 05 37 20 01 80 06 4c 15 c0 a8 24 20 c0 a8 
24 1e 00 00 00 00 00 00 00 00 00 00 00 00 00 00 
00 00 00 00 00 00 00 00 00 00 00 00 

00 04 75 8d 49 c7 00 aa 00 30 91 09 08 00 45 00 
00 24 05 37 20 00 80 06 4c 0e c0 a8 24 20 c0 a8 
24 1e 04 25 00 17 42 ac 8b 58 97 cf 57 73 50 18 
40 f0 00 00 00 00 00 00 00 00 00 00 

00 04 75 8d 49 c7 00 aa 00 30 91 09 08 00 45 00 
00 19 05 37 00 02 80 06 6c 17 c0 a8 24 20 c0 a8 
24 1e 7b c8 00 00 68 00 00 00 00 00 00 00 00 00 
00 00 00 00 00 00 00 00 00 00 00 00 

00 aa 00 30 91 0d 00 04 75 8d 49 c7 08 00 45 10 
00 29 23 0a 40 00 40 06 4e 26 c0 a8 24 1e c0 a8 
24 20 00 17 04 25 97 cf 57 73 42 ac 8b 59 50 18 
16 d0 a5 e7 00 00 68 00 00 00 00 00 

00 04 75 8d 49 c7 00 aa 00 30 91 09 08 00 45 00 
00 1c 05 38 20 01 80 06 4c 14 c0 a8 24 20 c0 a8 
24 1e 00 00 00 00 00 00 00 00 00 00 00 00 00 00 
00 00 00 00 00 00 00 00 00 00 00 00 

00 04 75 8d 49 c7 00 aa 00 30 91 09 08 00 45 00 
00 24 05 38 20 00 80 06 4c 0d c0 a8 24 20 c0 a8 
24 1e 04 25 00 17 42 ac 8b 59 97 cf 57 74 50 18 
40 ef 00 00 00 00 00 00 00 00 00 00 

00 04 75 8d 49 c7 00 aa 00 30 91 09 08 00 45 00 
00 19 05 38 00 02 80 06 6c 16 c0 a8 24 20 c0 a8 
24 1e 7a c7 00 00 69 00 00 00 00 00 00 00 00 00 
00 00 00 00 00 00 00 00 00 00 00 00 

00 aa 00 30 91 0d 00 04 75 8d 49 c7 08 00 45 10 
00 29 23 0b 40 00 40 06 4e 25 c0 a8 24 1e c0 a8 
24 20 00 17 04 25 97 cf 57 74 42 ac 8b 5a 50 18 
16 d0 a4 e5 00 00 69 00 00 00 00 00 

00 04 75 8d 49 c7 00 aa 00 30 91 09 08 00 45 00 
00 1c 05 39 20 01 80 06 4c 13 c0 a8 24 20 c0 a8 
24 1e 00 00 00 00 00 00 00 00 00 00 00 00 00 00 
00 00 00 00 00 00 00 00 00 00 00 00 

00 04 75 8d 49 c7 00 aa 00 30 91 09 08 00 45 00 
00 24 05 39 20 00 80 06 4c 0c c0 a8 24 20 c0 a8 
24 1e 04 25 00 17 42 ac 8b 5a 97 cf 57 75 50 18 
40 ee 00 00 00 00 00 00 00 00 00 00 

00 04 75 8d 49 c7 00 aa 00 30 91 09 08 00 45 00 
00 19 05 39 00 02 80 06 6c 15 c0 a8 24 20 c0 a8 
24 1e 70 c6 00 00 73 00 00 00 00 00 00 00 00 00 
00 00 00 00 00 00 00 00 00 00 00 00 

00 aa 00 30 91 0d 00 04 75 8d 49 c7 08 00 45 10 
00 29 23 0c 40 00 40 06 4e 24 c0 a8 24 1e c0 a8 
24 20 00 17 04 25 97 cf 57 75 42 ac 8b 5b 50 18 
16 d0 9a e3 00 00 73 00 00 00 00 00 

00 04 75 8d 49 c7 00 aa 00 30 91 09 08 00 45 00 
00 1c 05 3a 20 01 80 06 4c 12 c0 a8 24 20 c0 a8 
24 1e 00 00 00 00 00 00 00 00 00 00 00 00 00 00 
00 00 00 00 00 00 00 00 00 00 00 00 

00 04 75 8d 49 c7 00 aa 00 30 91 09 08 00 45 00 
00 24 05 3a 20 00 80 06 4c 0b c0 a8 24 20 c0 a8 
24 1e 04 25 00 17 42 ac 8b 5b 97 cf 57 76 50 18 
40 ed 00 00 00 00 00 00 00 00 00 00 

00 04 75 8d 49 c7 00 aa 00 30 91 09 08 00 45 00 
00 1a 05 3a 00 02 80 06 6c 13 c0 a8 24 20 c0 a8 
24 1e d6 ba 00 00 0d 0a 00 00 00 00 00 00 00 00 
00 00 00 00 00 00 00 00 00 00 00 00 

00 aa 00 30 91 0d 00 04 75 8d 49 c7 08 00 45 10 
00 2a 23 0d 40 00 40 06 4e 22 c0 a8 24 1e c0 a8 
24 20 00 17 04 25 97 cf 57 76 42 ac 8b 5d 50 18 
16 d0 00 d6 00 00 0d 0a 36 36 36 36 

00 04 75 8d 49 c7 00 aa 00 30 91 09 08 00 45 00 
00 1c 05 3b 20 01 80 06 4c 11 c0 a8 24 20 c0 a8 
24 1e 00 00 00 00 00 00 00 00 00 00 00 00 00 00 
00 00 00 00 00 00 00 00 00 00 00 00 

00 04 75 8d 49 c7 00 aa 00 30 91 09 08 00 45 00 
00 24 05 3b 20 00 80 06 4c 0a c0 a8 24 20 c0 a8 
24 1e 04 25 00 17 42 ac 8b 5d 97 cf 57 78 50 10 
40 eb 00 00 00 00 00 00 00 00 00 00 

00 04 75 8d 49 c7 00 aa 00 30 91 09 08 00 45 00 
00 18 05 3b 00 02 80 06 6c 14 c0 a8 24 20 c0 a8 
24 1e e3 cc 00 00 00 00 00 00 00 00 00 00 00 00 
00 00 00 00 00 00 00 00 00 00 00 00 

00 aa 00 30 91 0d 00 04 75 8d 49 c7 08 00 45 10 
00 32 23 0e 40 00 40 06 4e 19 c0 a8 24 1e c0 a8 
24 20 00 17 04 25 97 cf 57 78 42 ac 8b 5d 50 18 
16 d0 26 0d 00 00 50 61 73 73 77 6f 72 64 3a 20 


00 04 75 8d 49 c7 00 aa 00 30 91 09 08 00 45 00 
00 1c 05 3c 20 01 80 06 4c 10 c0 a8 24 20 c0 a8 
24 1e 00 00 00 00 00 00 00 00 00 00 00 00 00 00 
00 00 00 00 00 00 00 00 00 00 00 00 

00 04 75 8d 49 c7 00 aa 00 30 91 09 08 00 45 00 
00 24 05 3c 20 00 80 06 4c 09 c0 a8 24 20 c0 a8 
24 1e 04 25 00 17 42 ac 8b 5d 97 cf 57 82 50 10 
40 e1 00 00 00 00 00 00 00 00 00 00 

00 04 75 8d 49 c7 00 aa 00 30 91 09 08 00 45 00 
00 18 05 3c 00 02 80 06 6c 13 c0 a8 24 20 c0 a8 
24 1e e3 cc 00 00 00 00 00 00 00 00 00 00 00 00 
00 00 00 00 00 00 00 00 00 00 00 00 

00 04 75 8d 49 c7 00 aa 00 30 91 09 08 00 45 00 
00 1c 05 3d 20 01 80 06 4c 0f c0 a8 24 20 c0 a8 
24 1e 00 00 00 00 00 00 00 00 00 00 00 00 00 00 
00 00 00 00 00 00 00 00 00 00 00 00 

00 04 75 8d 49 c7 00 aa 00 30 91 09 08 00 45 00 
00 24 05 3d 20 00 80 06 4c 08 c0 a8 24 20 c0 a8 
24 1e 04 25 00 17 42 ac 8b 5d 97 cf 57 82 50 18 
40 e1 00 00 00 00 00 00 00 00 00 00 

00 04 75 8d 49 c7 00 aa 00 30 91 09 08 00 45 00 
00 19 05 3d 00 02 80 06 6c 11 c0 a8 24 20 c0 a8 
24 1e 70 c3 00 00 73 00 00 00 00 00 00 00 00 00 
00 00 00 00 00 00 00 00 00 00 00 00 

00 aa 00 30 91 0d 00 04 75 8d 49 c7 08 00 45 10 
00 28 23 0f 40 00 40 06 4e 22 c0 a8 24 1e c0 a8 
24 20 00 17 04 25 97 cf 57 82 42 ac 8b 5e 50 10 
16 d0 0d dd 00 00 00 00 00 00 00 00 

00 04 75 8d 49 c7 00 aa 00 30 91 09 08 00 45 00 
00 1c 05 3e 20 01 80 06 4c 0e c0 a8 24 20 c0 a8 
24 1e 00 00 00 00 00 00 00 00 00 00 00 00 00 00 
00 00 00 00 00 00 00 00 00 00 00 00 

00 04 75 8d 49 c7 00 aa 00 30 91 09 08 00 45 00 
00 24 05 3e 20 00 80 06 4c 07 c0 a8 24 20 c0 a8 
24 1e 04 25 00 17 42 ac 8b 5e 97 cf 57 82 50 18 
40 e1 00 00 00 00 00 00 00 00 00 00 

00 04 75 8d 49 c7 00 aa 00 30 91 09 08 00 45 00 
00 19 05 3e 00 02 80 06 6c 10 c0 a8 24 20 c0 a8 
24 1e 6e c2 00 00 75 00 00 00 00 00 00 00 00 00 
00 00 00 00 00 00 00 00 00 00 00 00 

00 aa 00 30 91 0d 00 04 75 8d 49 c7 08 00 45 10 
00 28 23 10 40 00 40 06 4e 21 c0 a8 24 1e c0 a8 
24 20 00 17 04 25 97 cf 57 82 42 ac 8b 5f 50 10 
16 d0 0d dc 00 00 00 00 00 00 00 00 

00 04 75 8d 49 c7 00 aa 00 30 91 09 08 00 45 00 
00 1c 05 3f 20 01 80 06 4c 0d c0 a8 24 20 c0 a8 
24 1e 00 00 00 00 00 00 00 00 00 00 00 00 00 00 
00 00 00 00 00 00 00 00 00 00 00 00 

00 04 75 8d 49 c7 00 aa 00 30 91 09 08 00 45 00 
00 24 05 3f 20 00 80 06 4c 06 c0 a8 24 20 c0 a8 
24 1e 04 25 00 17 42 ac 8b 5f 97 cf 57 82 50 18 
40 e1 00 00 00 00 00 00 00 00 00 00 

00 04 75 8d 49 c7 00 aa 00 30 91 09 08 00 45 00 
00 19 05 3f 00 02 80 06 6c 0f c0 a8 24 20 c0 a8 
24 1e 80 c1 00 00 63 00 00 00 00 00 00 00 00 00 
00 00 00 00 00 00 00 00 00 00 00 00 

00 aa 00 30 91 0d 00 04 75 8d 49 c7 08 00 45 10 
00 28 23 11 40 00 40 06 4e 20 c0 a8 24 1e c0 a8 
24 20 00 17 04 25 97 cf 57 82 42 ac 8b 60 50 10 
16 d0 0d db 00 00 00 00 00 00 00 00 

00 04 75 8d 49 c7 00 aa 00 30 91 09 08 00 45 00 
00 1c 05 40 20 01 80 06 4c 0c c0 a8 24 20 c0 a8 
24 1e 00 00 00 00 00 00 00 00 00 00 00 00 00 00 
00 00 00 00 00 00 00 00 00 00 00 00 

00 04 75 8d 49 c7 00 aa 00 30 91 09 08 00 45 00 
00 24 05 40 20 00 80 06 4c 05 c0 a8 24 20 c0 a8 
24 1e 04 25 00 17 42 ac 8b 60 97 cf 57 82 50 18 
40 e1 00 00 00 00 00 00 00 00 00 00 

00 04 75 8d 49 c7 00 aa 00 30 91 09 08 00 45 00 
00 19 05 40 00 02 80 06 6c 0e c0 a8 24 20 c0 a8 
24 1e 78 c0 00 00 6b 00 00 00 00 00 00 00 00 00 
00 00 00 00 00 00 00 00 00 00 00 00 

00 aa 00 30 91 0d 00 04 75 8d 49 c7 08 00 45 10 
00 28 23 12 40 00 40 06 4e 1f c0 a8 24 1e c0 a8 
24 20 00 17 04 25 97 cf 57 82 42 ac 8b 61 50 10 
16 d0 0d da 00 00 00 00 00 00 00 00 

00 04 75 8d 49 c7 00 aa 00 30 91 09 08 00 45 00 
00 1c 05 41 20 01 80 06 4c 0b c0 a8 24 20 c0 a8 
24 1e 00 00 00 00 00 00 00 00 00 00 00 00 00 00 
00 00 00 00 00 00 00 00 00 00 00 00 

00 04 75 8d 49 c7 00 aa 00 30 91 09 08 00 45 00 
00 24 05 41 20 00 80 06 4c 04 c0 a8 24 20 c0 a8 
24 1e 04 25 00 17 42 ac 8b 61 97 cf 57 82 50 18 
40 e1 00 00 00 00 00 00 00 00 00 00 

00 04 75 8d 49 c7 00 aa 00 30 91 09 08 00 45 00 
00 19 05 41 00 02 80 06 6c 0d c0 a8 24 20 c0 a8 
24 1e 70 bf 00 00 73 00 00 00 00 00 00 00 00 00 
00 00 00 00 00 00 00 00 00 00 00 00 

00 aa 00 30 91 0d 00 04 75 8d 49 c7 08 00 45 10 
00 28 23 13 40 00 40 06 4e 1e c0 a8 24 1e c0 a8 
24 20 00 17 04 25 97 cf 57 82 42 ac 8b 62 50 10 
16 d0 0d d9 00 00 00 00 00 00 00 00 

00 04 75 8d 49 c7 00 aa 00 30 91 09 08 00 45 00 
00 1c 05 42 20 01 80 06 4c 0a c0 a8 24 20 c0 a8 
24 1e 00 00 00 00 00 00 00 00 00 00 00 00 00 00 
00 00 00 00 00 00 00 00 00 00 00 00 

00 04 75 8d 49 c7 00 aa 00 30 91 09 08 00 45 00 
00 24 05 42 20 00 80 06 4c 03 c0 a8 24 20 c0 a8 
24 1e 04 25 00 17 42 ac 8b 62 97 cf 57 82 50 18 
40 e1 00 00 00 00 00 00 00 00 00 00 

00 04 75 8d 49 c7 00 aa 00 30 91 09 08 00 45 00 
00 1a 05 42 00 02 80 06 6c 0b c0 a8 24 20 c0 a8 
24 1e d6 b3 00 00 0d 0a 00 00 00 00 00 00 00 00 
00 00 00 00 00 00 00 00 00 00 00 00 

00 aa 00 30 91 0d 00 04 75 8d 49 c7 08 00 45 10 
00 28 23 14 40 00 40 06 4e 1d c0 a8 24 1e c0 a8 
24 20 00 17 04 25 97 cf 57 82 42 ac 8b 64 50 10 
16 d0 0d d7 00 00 00 00 00 00 00 00 

00 aa 00 30 91 0d 00 04 75 8d 49 c7 08 00 45 10 
00 2a 23 15 40 00 40 06 4e 1a c0 a8 24 1e c0 a8 
24 20 00 17 04 25 97 cf 57 82 42 ac 8b 64 50 18 
16 d0 00 c3 00 00 0d 0a 24 24 24 24 

00 04 75 8d 49 c7 00 aa 00 30 91 09 08 00 45 00 
00 1c 05 43 20 01 80 06 4c 09 c0 a8 24 20 c0 a8 
24 1e 00 00 00 00 00 00 00 00 00 00 00 00 00 00 
00 00 00 00 00 00 00 00 00 00 00 00 

00 04 75 8d 49 c7 00 aa 00 30 91 09 08 00 45 00 
00 24 05 43 20 00 80 06 4c 02 c0 a8 24 20 c0 a8 
24 1e 04 25 00 17 42 ac 8b 64 97 cf 57 84 50 10 
40 df 00 00 00 00 00 00 00 00 00 00 

00 04 75 8d 49 c7 00 aa 00 30 91 09 08 00 45 00 
00 18 05 43 00 02 80 06 6c 0c c0 a8 24 20 c0 a8 
24 1e e3 c5 00 00 00 00 00 00 00 00 00 00 00 00 
00 00 00 00 00 00 00 00 00 00 00 00 

00 aa 00 30 91 0d 00 04 75 8d 49 c7 08 00 45 10 
00 42 23 16 40 00 40 06 4e 01 c0 a8 24 1e c0 a8 
24 20 00 17 04 25 97 cf 57 84 42 ac 8b 64 50 18 
16 d0 ab 89 00 00 4c 6f 67 69 6e 20 69 6e 63 6f 
72 72 65 63 74 0d 0a 0d 0a 6c 6f 67 69 6e 3a 20 


00 04 75 8d 49 c7 00 aa 00 30 91 09 08 00 45 00 
00 1c 05 44 20 01 80 06 4c 08 c0 a8 24 20 c0 a8 
24 1e 00 00 00 00 00 00 00 00 00 00 00 00 00 00 
00 00 00 00 00 00 00 00 00 00 00 00 

00 04 75 8d 49 c7 00 aa 00 30 91 09 08 00 45 00 
00 24 05 44 20 00 80 06 4c 01 c0 a8 24 20 c0 a8 
24 1e 04 25 00 17 42 ac 8b 64 97 cf 57 9e 50 10 
40 c5 00 00 00 00 00 00 00 00 00 00 

00 04 75 8d 49 c7 00 aa 00 30 91 09 08 00 45 00 
00 18 05 44 00 02 80 06 6c 0b c0 a8 24 20 c0 a8 
24 1e e3 c5 00 00 00 00 00 00 00 00 00 00 00 00 
00 00 00 00 00 00 00 00 00 00 00 00 

00 04 75 8d 49 c7 00 aa 00 30 91 09 08 00 45 00 
00 1c 05 45 20 01 80 06 4c 07 c0 a8 24 20 c0 a8 
24 1e 00 00 00 00 00 00 00 00 00 00 00 00 00 00 
00 00 00 00 00 00 00 00 00 00 00 00 

00 04 75 8d 49 c7 00 aa 00 30 91 09 08 00 45 00 
00 24 05 45 20 00 80 06 4c 00 c0 a8 24 20 c0 a8 
24 1e 04 25 00 17 42 ac 8b 64 97 cf 57 9e 50 18 
40 c5 00 00 00 00 00 00 00 00 00 00 

00 04 75 8d 49 c7 00 aa 00 30 91 09 08 00 45 00 
00 19 05 45 00 02 80 06 6c 09 c0 a8 24 20 c0 a8 
24 1e 6f bc 00 00 74 00 00 00 00 00 00 00 00 00 
00 00 00 00 00 00 00 00 00 00 00 00 

00 aa 00 30 91 0d 00 04 75 8d 49 c7 08 00 45 10 
00 29 23 17 40 00 40 06 4e 19 c0 a8 24 1e c0 a8 
24 20 00 17 04 25 97 cf 57 9e 42 ac 8b 65 50 18 
16 d0 99 b0 00 00 74 00 00 00 00 00 

00 04 75 8d 49 c7 00 aa 00 30 91 09 08 00 45 00 
00 1c 05 46 20 01 80 06 4c 06 c0 a8 24 20 c0 a8 
24 1e 00 00 00 00 00 00 00 00 00 00 00 00 00 00 
00 00 00 00 00 00 00 00 00 00 00 00 

00 04 75 8d 49 c7 00 aa 00 30 91 09 08 00 45 00 
00 24 05 46 20 00 80 06 4b ff c0 a8 24 20 c0 a8 
24 1e 04 25 00 17 42 ac 8b 65 97 cf 57 9f 50 18 
40 c4 00 00 00 00 00 00 00 00 00 00 

00 04 75 8d 49 c7 00 aa 00 30 91 09 08 00 45 00 
00 19 05 46 00 02 80 06 6c 08 c0 a8 24 20 c0 a8 
24 1e 7e bb 00 00 65 00 00 00 00 00 00 00 00 00 
00 00 00 00 00 00 00 00 00 00 00 00 

00 aa 00 30 91 0d 00 04 75 8d 49 c7 08 00 45 10 
00 29 23 18 40 00 40 06 4e 18 c0 a8 24 1e c0 a8 
24 20 00 17 04 25 97 cf 57 9f 42 ac 8b 66 50 18 
16 d0 a8 ae 00 00 65 00 00 00 00 00 

00 04 75 8d 49 c7 00 aa 00 30 91 09 08 00 45 00 
00 1c 05 47 20 01 80 06 4c 05 c0 a8 24 20 c0 a8 
24 1e 00 00 00 00 00 00 00 00 00 00 00 00 00 00 
00 00 00 00 00 00 00 00 00 00 00 00 

00 04 75 8d 49 c7 00 aa 00 30 91 09 08 00 45 00 
00 24 05 47 20 00 80 06 4b fe c0 a8 24 20 c0 a8 
24 1e 04 25 00 17 42 ac 8b 66 97 cf 57 a0 50 10 
40 c3 00 00 00 00 00 00 00 00 00 00 

00 04 75 8d 49 c7 00 aa 00 30 91 09 08 00 45 00 
00 18 05 47 00 02 80 06 6c 08 c0 a8 24 20 c0 a8 
24 1e e3 c3 00 00 00 00 00 00 00 00 00 00 00 00 
00 00 00 00 00 00 00 00 00 00 00 00 

00 04 75 8d 49 c7 00 aa 00 30 91 09 08 00 45 00 
00 1c 05 48 20 01 80 06 4c 04 c0 a8 24 20 c0 a8 
24 1e 00 00 00 00 00 00 00 00 00 00 00 00 00 00 
00 00 00 00 00 00 00 00 00 00 00 00 

00 04 75 8d 49 c7 00 aa 00 30 91 09 08 00 45 00 
00 24 05 48 20 00 80 06 4b fd c0 a8 24 20 c0 a8 
24 1e 04 25 00 17 42 ac 8b 66 97 cf 57 a0 50 18 
40 c3 00 00 00 00 00 00 00 00 00 00 

00 04 75 8d 49 c7 00 aa 00 30 91 09 08 00 45 00 
00 19 05 48 00 02 80 06 6c 06 c0 a8 24 20 c0 a8 
24 1e 70 ba 00 00 73 00 00 00 00 00 00 00 00 00 
00 00 00 00 00 00 00 00 00 00 00 00 

00 aa 00 30 91 0d 00 04 75 8d 49 c7 08 00 45 10 
00 29 23 19 40 00 40 06 4e 17 c0 a8 24 1e c0 a8 
24 20 00 17 04 25 97 cf 57 a0 42 ac 8b 67 50 18 
16 d0 9a ac 00 00 73 00 00 00 00 00 

00 04 75 8d 49 c7 00 aa 00 30 91 09 08 00 45 00 
00 1c 05 49 20 01 80 06 4c 03 c0 a8 24 20 c0 a8 
24 1e 00 00 00 00 00 00 00 00 00 00 00 00 00 00 
00 00 00 00 00 00 00 00 00 00 00 00 

00 04 75 8d 49 c7 00 aa 00 30 91 09 08 00 45 00 
00 24 05 49 20 00 80 06 4b fc c0 a8 24 20 c0 a8 
24 1e 04 25 00 17 42 ac 8b 67 97 cf 57 a1 50 10 
40 c2 00 00 00 00 00 00 00 00 00 00 

00 04 75 8d 49 c7 00 aa 00 30 91 09 08 00 45 00 
00 18 05 49 00 02 80 06 6c 06 c0 a8 24 20 c0 a8 
24 1e e3 c2 00 00 00 00 00 00 00 00 00 00 00 00 
00 00 00 00 00 00 00 00 00 00 00 00 

00 04 75 8d 49 c7 00 aa 00 30 91 09 08 00 45 00 
00 1c 05 4a 20 01 80 06 4c 02 c0 a8 24 20 c0 a8 
24 1e 00 00 00 00 00 00 00 00 00 00 00 00 00 00 
00 00 00 00 00 00 00 00 00 00 00 00 

00 04 75 8d 49 c7 00 aa 00 30 91 09 08 00 45 00 
00 24 05 4a 20 00 80 06 4b fb c0 a8 24 20 c0 a8 
24 1e 04 25 00 17 42 ac 8b 67 97 cf 57 a1 50 18 
40 c2 00 00 00 00 00 00 00 00 00 00 

00 04 75 8d 49 c7 00 aa 00 30 91 09 08 00 45 00 
00 19 05 4a 00 02 80 06 6c 04 c0 a8 24 20 c0 a8 
24 1e 6f b9 00 00 74 00 00 00 00 00 00 00 00 00 
00 00 00 00 00 00 00 00 00 00 00 00 

00 aa 00 30 91 0d 00 04 75 8d 49 c7 08 00 45 10 
00 29 23 1a 40 00 40 06 4e 16 c0 a8 24 1e c0 a8 
24 20 00 17 04 25 97 cf 57 a1 42 ac 8b 68 50 18 
16 d0 99 aa 00 00 74 00 00 00 00 00 

00 04 75 8d 49 c7 00 aa 00 30 91 09 08 00 45 00 
00 1c 05 4b 20 01 80 06 4c 01 c0 a8 24 20 c0 a8 
24 1e 00 00 00 00 00 00 00 00 00 00 00 00 00 00 
00 00 00 00 00 00 00 00 00 00 00 00 

00 04 75 8d 49 c7 00 aa 00 30 91 09 08 00 45 00 
00 24 05 4b 20 00 80 06 4b fa c0 a8 24 20 c0 a8 
24 1e 04 25 00 17 42 ac 8b 68 97 cf 57 a2 50 18 
40 c1 00 00 00 00 00 00 00 00 00 00 

00 04 75 8d 49 c7 00 aa 00 30 91 09 08 00 45 00 
00 1a 05 4b 00 02 80 06 6c 02 c0 a8 24 20 c0 a8 
24 1e d6 ad 00 00 0d 0a 00 00 00 00 00 00 00 00 
00 00 00 00 00 00 00 00 00 00 00 00 

00 aa 00 30 91 0d 00 04 75 8d 49 c7 08 00 45 10 
00 2a 23 1b 40 00 40 06 4e 14 c0 a8 24 1e c0 a8 
24 20 00 17 04 25 97 cf 57 a2 42 ac 8b 6a 50 18 
16 d0 00 9d 00 00 0d 0a 40 40 40 40 

00 04 75 8d 49 c7 00 aa 00 30 91 09 08 00 45 00 
00 1c 05 4c 20 01 80 06 4c 00 c0 a8 24 20 c0 a8 
24 1e 00 00 00 00 00 00 00 00 00 00 00 00 00 00 
00 00 00 00 00 00 00 00 00 00 00 00 

00 04 75 8d 49 c7 00 aa 00 30 91 09 08 00 45 00 
00 24 05 4c 20 00 80 06 4b f9 c0 a8 24 20 c0 a8 
24 1e 04 25 00 17 42 ac 8b 6a 97 cf 57 a4 50 10 
40 bf 00 00 00 00 00 00 00 00 00 00 

00 04 75 8d 49 c7 00 aa 00 30 91 09 08 00 45 00 
00 18 05 4c 00 02 80 06 6c 03 c0 a8 24 20 c0 a8 
24 1e e3 bf 00 00 00 00 00 00 00 00 00 00 00 00 
00 00 00 00 00 00 00 00 00 00 00 00 

00 aa 00 30 91 0d 00 04 75 8d 49 c7 08 00 45 10 
00 32 23 1c 40 00 40 06 4e 0b c0 a8 24 1e c0 a8 
24 20 00 17 04 25 97 cf 57 a4 42 ac 8b 6a 50 18 
16 d0 25 d4 00 00 50 61 73 73 77 6f 72 64 3a 20 


00 04 75 8d 49 c7 00 aa 00 30 91 09 08 00 45 00 
00 1c 05 4d 20 01 80 06 4b ff c0 a8 24 20 c0 a8 
24 1e 00 00 00 00 00 00 00 00 00 00 00 00 00 00 
00 00 00 00 00 00 00 00 00 00 00 00 

00 04 75 8d 49 c7 00 aa 00 30 91 09 08 00 45 00 
00 24 05 4d 20 00 80 06 4b f8 c0 a8 24 20 c0 a8 
24 1e 04 25 00 17 42 ac 8b 6a 97 cf 57 ae 50 18 
40 b5 00 00 00 00 00 00 00 00 00 00 

00 04 75 8d 49 c7 00 aa 00 30 91 09 08 00 45 00 
00 19 05 4d 00 02 80 06 6c 01 c0 a8 24 20 c0 a8 
24 1e 6f b6 00 00 74 00 00 00 00 00 00 00 00 00 
00 00 00 00 00 00 00 00 00 00 00 00 

00 aa 00 30 91 0d 00 04 75 8d 49 c7 08 00 45 10 
00 28 23 1d 40 00 40 06 4e 14 c0 a8 24 1e c0 a8 
24 20 00 17 04 25 97 cf 57 ae 42 ac 8b 6b 50 10 
16 d0 0d a4 00 00 00 00 00 00 00 00 

00 04 75 8d 49 c7 00 aa 00 30 91 09 08 00 45 00 
00 1c 05 4e 20 01 80 06 4b fe c0 a8 24 20 c0 a8 
24 1e 00 00 00 00 00 00 00 00 00 00 00 00 00 00 
00 00 00 00 00 00 00 00 00 00 00 00 

00 04 75 8d 49 c7 00 aa 00 30 91 09 08 00 45 00 
00 24 05 4e 20 00 80 06 4b f7 c0 a8 24 20 c0 a8 
24 1e 04 25 00 17 42 ac 8b 6b 97 cf 57 ae 50 18 
40 b5 00 00 00 00 00 00 00 00 00 00 

00 04 75 8d 49 c7 00 aa 00 30 91 09 08 00 45 00 
00 19 05 4e 00 02 80 06 6c 00 c0 a8 24 20 c0 a8 
24 1e 7e b5 00 00 65 00 00 00 00 00 00 00 00 00 
00 00 00 00 00 00 00 00 00 00 00 00 

00 aa 00 30 91 0d 00 04 75 8d 49 c7 08 00 45 10 
00 28 23 1e 40 00 40 06 4e 13 c0 a8 24 1e c0 a8 
24 20 00 17 04 25 97 cf 57 ae 42 ac 8b 6c 50 10 
16 d0 0d a3 00 00 00 00 00 00 00 00 

00 04 75 8d 49 c7 00 aa 00 30 91 09 08 00 45 00 
00 1c 05 4f 20 01 80 06 4b fd c0 a8 24 20 c0 a8 
24 1e 00 00 00 00 00 00 00 00 00 00 00 00 00 00 
00 00 00 00 00 00 00 00 00 00 00 00 

00 04 75 8d 49 c7 00 aa 00 30 91 09 08 00 45 00 
00 24 05 4f 20 00 80 06 4b f6 c0 a8 24 20 c0 a8 
24 1e 04 25 00 17 42 ac 8b 6c 97 cf 57 ae 50 18 
40 b5 00 00 00 00 00 00 00 00 00 00 

00 04 75 8d 49 c7 00 aa 00 30 91 09 08 00 45 00 
00 19 05 4f 00 02 80 06 6b ff c0 a8 24 20 c0 a8 
24 1e 70 b4 00 00 73 00 00 00 00 00 00 00 00 00 
00 00 00 00 00 00 00 00 00 00 00 00 

00 aa 00 30 91 0d 00 04 75 8d 49 c7 08 00 45 10 
00 28 23 1f 40 00 40 06 4e 12 c0 a8 24 1e c0 a8 
24 20 00 17 04 25 97 cf 57 ae 42 ac 8b 6d 50 10 
16 d0 0d a2 00 00 00 00 00 00 00 00 

00 04 75 8d 49 c7 00 aa 00 30 91 09 08 00 45 00 
00 1c 05 50 20 01 80 06 4b fc c0 a8 24 20 c0 a8 
24 1e 00 00 00 00 00 00 00 00 00 00 00 00 00 00 
00 00 00 00 00 00 00 00 00 00 00 00 

00 04 75 8d 49 c7 00 aa 00 30 91 09 08 00 45 00 
00 24 05 50 20 00 80 06 4b f5 c0 a8 24 20 c0 a8 
24 1e 04 25 00 17 42 ac 8b 6d 97 cf 57 ae 50 18 
40 b5 00 00 00 00 00 00 00 00 00 00 

00 04 75 8d 49 c7 00 aa 00 30 91 09 08 00 45 00 
00 19 05 50 00 02 80 06 6b fe c0 a8 24 20 c0 a8 
24 1e 6f b3 00 00 74 00 00 00 00 00 00 00 00 00 
00 00 00 00 00 00 00 00 00 00 00 00 

00 aa 00 30 91 0d 00 04 75 8d 49 c7 08 00 45 10 
00 28 23 20 40 00 40 06 4e 11 c0 a8 24 1e c0 a8 
24 20 00 17 04 25 97 cf 57 ae 42 ac 8b 6e 50 10 
16 d0 0d a1 00 00 00 00 00 00 00 00 

00 04 75 8d 49 c7 00 aa 00 30 91 09 08 00 45 00 
00 1c 05 51 20 01 80 06 4b fb c0 a8 24 20 c0 a8 
24 1e 00 00 00 00 00 00 00 00 00 00 00 00 00 00 
00 00 00 00 00 00 00 00 00 00 00 00 

00 04 75 8d 49 c7 00 aa 00 30 91 09 08 00 45 00 
00 24 05 51 20 00 80 06 4b f4 c0 a8 24 20 c0 a8 
24 1e 04 25 00 17 42 ac 8b 6e 97 cf 57 ae 50 18 
40 b5 00 00 00 00 00 00 00 00 00 00 

00 04 75 8d 49 c7 00 aa 00 30 91 09 08 00 45 00 
00 19 05 51 00 02 80 06 6b fd c0 a8 24 20 c0 a8 
24 1e b0 b2 00 00 33 00 00 00 00 00 00 00 00 00 
00 00 00 00 00 00 00 00 00 00 00 00 

00 aa 00 30 91 0d 00 04 75 8d 49 c7 08 00 45 10 
00 28 23 21 40 00 40 06 4e 10 c0 a8 24 1e c0 a8 
24 20 00 17 04 25 97 cf 57 ae 42 ac 8b 6f 50 10 
16 d0 0d a0 00 00 00 00 00 00 00 00 

00 04 75 8d 49 c7 00 aa 00 30 91 09 08 00 45 00 
00 1c 05 52 20 01 80 06 4b fa c0 a8 24 20 c0 a8 
24 1e 00 00 00 00 00 00 00 00 00 00 00 00 00 00 
00 00 00 00 00 00 00 00 00 00 00 00 

00 04 75 8d 49 c7 00 aa 00 30 91 09 08 00 45 00 
00 24 05 52 20 00 80 06 4b f3 c0 a8 24 20 c0 a8 
24 1e 04 25 00 17 42 ac 8b 6f 97 cf 57 ae 50 18 
40 b5 00 00 00 00 00 00 00 00 00 00 

00 04 75 8d 49 c7 00 aa 00 30 91 09 08 00 45 00 
00 1a 05 52 00 02 80 06 6b fb c0 a8 24 20 c0 a8 
24 1e d6 a6 00 00 0d 0a 00 00 00 00 00 00 00 00 
00 00 00 00 00 00 00 00 00 00 00 00 

00 aa 00 30 91 0d 00 04 75 8d 49 c7 08 00 45 10 
00 28 23 22 40 00 40 06 4e 0f c0 a8 24 1e c0 a8 
24 20 00 17 04 25 97 cf 57 ae 42 ac 8b 71 50 10 
16 d0 0d 9e 00 00 00 00 00 00 00 00 

00 aa 00 30 91 0d 00 04 75 8d 49 c7 08 00 45 10 
00 2a 23 23 40 00 40 06 4e 0c c0 a8 24 1e c0 a8 
24 20 00 17 04 25 97 cf 57 ae 42 ac 8b 71 50 18 
16 d0 00 8a 00 00 0d 0a 36 36 36 36 

00 04 75 8d 49 c7 00 aa 00 30 91 09 08 00 45 00 
00 1c 05 53 20 01 80 06 4b f9 c0 a8 24 20 c0 a8 
24 1e 00 00 00 00 00 00 00 00 00 00 00 00 00 00 
00 00 00 00 00 00 00 00 00 00 00 00 

00 04 75 8d 49 c7 00 aa 00 30 91 09 08 00 45 00 
00 24 05 53 20 00 80 06 4b f2 c0 a8 24 20 c0 a8 
24 1e 04 25 00 17 42 ac 8b 71 97 cf 57 b0 50 10 
40 b3 00 00 00 00 00 00 00 00 00 00 

00 04 75 8d 49 c7 00 aa 00 30 91 09 08 00 45 00 
00 18 05 53 00 02 80 06 6b fc c0 a8 24 20 c0 a8 
24 1e e3 b8 00 00 00 00 00 00 00 00 00 00 00 00 
00 00 00 00 00 00 00 00 00 00 00 00 

00 aa 00 30 91 0d 00 04 75 8d 49 c7 08 00 45 10 
00 3b 23 24 40 00 40 06 4d fa c0 a8 24 1e c0 a8 
24 20 00 17 04 25 97 cf 57 b0 42 ac 8b 71 50 18 
16 d0 bb bc 00 00 0d 0a 4c 6f 67 69 6e 20 69 6e 
63 6f 72 72 65 63 74 0d 0a 

00 aa 00 30 91 0d 00 04 75 8d 49 c7 08 00 45 10 
00 28 23 25 40 00 40 06 4e 0c c0 a8 24 1e c0 a8 
24 20 00 17 04 25 97 cf 57 c3 42 ac 8b 71 50 11 
16 d0 0d 88 00 00 00 00 00 00 00 00 

00 04 75 8d 49 c7 00 aa 00 30 91 09 08 00 45 00 
00 1c 05 54 20 01 80 06 4b f8 c0 a8 24 20 c0 a8 
24 1e 00 00 00 00 00 00 00 00 00 00 00 00 00 00 
00 00 00 00 00 00 00 00 00 00 00 00 

00 04 75 8d 49 c7 00 aa 00 30 91 09 08 00 45 00 
00 24 05 54 20 00 80 06 4b f1 c0 a8 24 20 c0 a8 
24 1e 04 25 00 17 42 ac 8b 71 97 cf 57 c4 50 10 
40 a0 00 00 00 00 00 00 00 00 00 00 

00 04 75 8d 49 c7 00 aa 00 30 91 09 08 00 45 00 
00 18 05 54 00 02 80 06 6b fb c0 a8 24 20 c0 a8 
24 1e e3 b7 00 00 00 00 00 00 00 00 00 00 00 00 
00 00 00 00 00 00 00 00 00 00 00 00 

00 04 75 8d 49 c7 00 aa 00 30 91 09 08 00 45 00 
00 1c 05 55 20 01 80 06 4b f7 c0 a8 24 20 c0 a8 
24 1e 00 00 00 00 00 00 00 00 00 00 00 00 00 00 
00 00 00 00 00 00 00 00 00 00 00 00 

00 04 75 8d 49 c7 00 aa 00 30 91 09 08 00 45 00 
00 24 05 55 20 00 80 06 4b f0 c0 a8 24 20 c0 a8 
24 1e 04 25 00 17 42 ac 8b 71 97 cf 57 c4 50 11 
40 a0 00 00 00 00 00 00 00 00 00 00 

00 04 75 8d 49 c7 00 aa 00 30 91 09 08 00 45 00 
00 18 05 55 00 02 80 06 6b fa c0 a8 24 20 c0 a8 
24 1e e3 b6 00 00 00 00 00 00 00 00 00 00 00 00 
00 00 00 00 00 00 00 00 00 00 00 00 

00 aa 00 30 91 0d 00 04 75 8d 49 c7 08 00 45 00 
00 28 00 00 40 00 40 06 71 41 c0 a8 24 1e c0 a8 
24 20 00 17 04 25 97 cf 57 c4 42 ac 8b 72 50 10 
16 d0 0d 87 00 00 00 00 00 00 00 00 
